
20230505-154020
RM;196;-0.03;8.85;9.92;0;0;0;0;1;
RM;234;0.55;8.85;9.89;0;0;0;0;131;
RM;270;0.86;8.85;9.89;0;0;0;0;258;
RM;306;0.81;8.87;9.84;0;0;0;0;403;
RM;345;0.88;8.91;9.88;0;0;0;0;548;
RM;380;0.64;8.91;9.88;0;0;0;0;674;
RM;416;0.76;8.78;9.89;0;0;0;0;818;
RM;455;0.55;8.85;9.91;0;0;0;0;961;
RM;491;0.85;8.85;9.86;0;0;0;0;1083;
RM;527;0.52;8.84;9.86;0;0;0;0;1230;
RM;567;0.09;8.85;9.86;0;0;0;0;1374;
RM;607;0.40;8.85;9.86;0;0;0;0;1520;
RM;644;0.42;8.84;9.91;0;0;0;0;1654;
RM;678;0.50;8.81;9.87;0;0;0;0;1785;
RM;718;0.42;8.79;9.86;0;0;0;0;1926;
RM;758;0.69;8.85;9.86;0;0;0;0;2070;
RM;798;0.36;8.79;9.86;0;0;0;0;2218;
RM;838;0.70;8.79;9.89;0;0;0;0;2362;
RM;878;0.66;8.79;9.89;0;0;0;0;2501;
RM;918;0.63;8.79;9.90;0;0;0;0;2645;
RM;958;0.56;8.84;9.89;0;0;0;0;2795;
RM;995;0.48;8.84;9.89;0;0;0;0;2918;
RM;1033;0.66;8.88;9.88;0;0;0;0;3043;
RM;1069;0.91;8.78;9.88;0;0;0;0;3188;
RM;1110;-0.17;8.77;9.87;0;0;0;0;3338;
RM;1150;0.67;8.75;9.86;0;0;0;0;3482;
RM;1190;0.31;8.78;9.88;0;0;0;0;3624;
RM;1230;1.15;8.82;9.88;0;0;0;0;3771;
RM;1270;1.15;8.78;9.90;0;0;0;0;3918;
RM;1310;0.67;8.81;9.90;0;0;0;0;4058;
RM;1350;0.20;8.78;9.88;0;0;0;0;4199;
RM;1390;0.92;8.77;9.88;0;0;0;0;4340;
RM;1430;0.67;8.75;9.87;0;0;0;0;4483;
RM;1471;0.38;8.75;9.87;0;0;0;0;4627;
RM;1511;0.64;8.75;9.87;0;0;0;0;4770;
RM;1551;0.58;8.75;9.86;0;0;0;0;4914;
RM;1591;0.74;8.85;9.89;0;0;0;0;5058;
RM;1632;1.21;8.81;9.89;0;0;0;0;5207;
RM;1672;0.64;8.75;9.90;0;0;0;0;5349;
RM;1712;0.38;8.78;9.90;0;0;0;0;5494;
RM;1752;1.14;8.78;9.88;0;0;0;0;5645;
RM;1792;0.37;8.84;9.88;0;0;0;0;5793;
RM;1832;0.19;8.81;9.86;0;0;0;0;5940;
RM;1872;0.41;8.78;9.88;0;0;0;0;6088;
RM;1912;-0.04;8.79;9.88;0;0;0;0;6228;
RM;1952;0.53;8.84;9.89;0;0;0;0;6368;
RM;1993;0.76;8.78;9.88;0;0;0;0;6516;
RM;2033;0.86;8.78;9.88;0;0;0;0;6658;
RM;2073;0.42;8.77;9.88;0;0;0;0;6806;
RM;2113;0.53;8.77;9.88;0;0;0;0;6951;
RM;2154;-0.01;8.78;9.87;0;0;0;0;7107;
RM;2194;0.39;8.77;9.88;0;0;0;0;7250;
RM;2234;0.18;8.79;9.89;0;0;0;0;7390;
RM;2274;0.90;8.75;9.88;0;0;0;0;7531;
RM;2314;1.13;8.74;9.88;0;0;0;0;7674;
RM;2354;1.01;8.77;9.89;0;0;0;0;7806;
RM;2394;0.80;8.77;9.88;0;0;0;0;7949;
RM;2434;0.72;8.77;9.88;0;0;0;0;8092;
RM;2475;0.70;8.74;9.89;0;0;0;0;8245;
RM;2515;0.17;8.79;9.89;0;0;0;0;8396;
RM;2555;0.57;8.79;9.88;0;0;0;0;8538;
RM;2595;0.19;8.77;9.88;0;0;0;0;8679;
RM;2635;0.75;8.77;9.88;0;0;0;0;8820;
RM;2676;0.91;8.78;9.86;0;0;0;0;8970;
RM;2716;1.09;8.74;9.88;0;0;0;0;9114;
RM;2756;0.59;8.77;9.87;0;0;0;0;9255;
RM;2796;0.17;8.77;9.88;0;0;0;0;9401;
RM;2836;0.48;8.75;9.88;0;0;0;0;9544;
RM;2876;0.31;8.84;9.90;0;0;0;0;9689;
RM;2916;0.36;8.77;9.88;0;0;0;0;9831;
RM;2956;-0.10;8.77;9.87;0;0;0;0;9976;
RM;2997;0.30;8.74;9.88;0;0;0;0;10129;
RM;3037;1.16;8.75;9.92;0;0;0;0;10274;
RM;3077;1.03;8.82;9.91;0;0;0;0;10417;
RM;3117;0.71;8.75;9.87;0;0;0;0;10563;
RM;3158;0.59;8.78;9.85;0;0;0;0;10714;
RM;3198;0.40;8.78;9.87;0;0;0;0;10860;
RM;3238;0.22;8.81;9.90;0;0;0;0;11001;
RM;3278;0.45;8.75;9.90;0;0;0;0;11139;
RM;3318;0.24;8.74;9.89;0;0;0;0;11287;
RM;3358;0.25;8.72;9.89;0;0;0;0;11436;
RM;3398;0.52;8.75;9.88;0;0;0;0;11586;
RM;3438;0.99;8.82;9.86;0;0;0;0;11729;
RM;3478;1.12;8.72;9.87;0;0;0;0;11874;
RM;3519;0.73;8.75;9.88;0;0;0;0;12017;
RM;3559;0.39;8.75;9.90;0;0;0;0;12154;
RM;3599;0.93;8.75;9.88;0;0;0;0;12300;
RM;3639;0.53;8.77;9.89;0;0;0;0;12441;
RM;3680;0.23;8.75;9.90;0;0;0;0;12586;
RM;3720;0.96;8.75;9.89;0;0;0;0;12732;
RM;3760;1.20;8.75;9.88;0;0;0;0;12873;
RM;3800;0.96;8.78;9.88;0;0;0;0;13015;
RM;3840;1.40;8.77;9.87;0;0;0;0;13159;
RM;3880;1.04;8.71;9.87;0;0;0;0;13307;
RM;3920;0.57;8.75;9.87;0;0;0;0;13445;
RM;3960;1.01;8.74;9.89;0;0;0;0;13583;
RM;4000;0.90;8.78;9.88;0;0;0;0;13728;
RM;4041;0.44;8.74;9.89;0;0;0;0;13879;
RM;4081;0.89;8.71;9.87;0;0;0;0;14023;
RM;4121;1.09;8.77;9.88;0;0;0;0;14164;
RM;4161;1.52;8.79;9.89;0;0;0;0;14308;
RM;4202;1.00;8.72;9.89;0;0;0;0;14454;
RM;4242;0.83;8.71;9.90;0;0;0;0;14600;
RM;4282;0.59;8.72;9.88;0;0;0;0;14746;
RM;4322;0.82;8.71;9.89;0;0;0;0;14892;
RM;4362;0.35;8.77;9.86;0;0;0;0;15037;
RM;4402;0.64;8.72;9.90;0;0;0;0;15180;
RM;4442;0.54;8.77;9.89;0;0;0;0;15325;
RM;4482;1.00;8.77;9.88;0;0;0;0;15470;
RM;4523;0.90;8.78;9.87;0;0;0;0;15614;
RM;4563;0.58;8.71;9.89;0;0;0;0;15764;
RM;4603;0.35;8.72;9.88;0;0;0;0;15902;
RM;4643;0.51;8.71;9.87;0;0;0;0;16052;
RM;4683;0.26;8.74;9.89;0;0;0;0;16203;
RM;4724;0.38;8.77;9.89;0;0;0;0;16353;
RM;4764;0.25;8.71;9.90;0;0;0;0;16497;
RM;4804;-0.07;8.71;9.89;0;0;0;0;16630;
RM;4844;0.69;8.71;9.87;0;0;0;0;16766;
RM;4884;1.23;8.72;9.85;0;0;0;0;16913;
RM;4924;0.77;8.72;9.85;0;0;0;0;17060;
RM;4964;0.74;8.74;9.87;0;0;0;0;17205;
RM;5004;0.89;8.69;9.90;0;0;0;0;17354;
RM;5045;0.59;8.77;9.89;0;0;0;0;17507;
RM;5085;0.29;8.81;9.90;0;0;0;0;17651;
RM;5125;0.52;8.69;9.89;0;0;0;0;17796;
RM;5165;-0.04;8.72;9.88;0;0;0;0;17937;
RM;5206;0.68;8.69;9.86;0;0;0;0;18082;
RM;5246;0.95;8.77;9.85;0;0;0;0;18231;
RM;5286;0.58;8.72;9.87;0;0;0;0;18379;
RM;5326;0.69;8.71;9.87;0;0;0;0;18525;
RM;5366;1.15;8.75;9.89;0;0;0;0;18671;
RM;5406;0.09;8.71;9.91;0;0;0;0;18816;
RM;5446;0.37;8.78;9.90;0;0;0;0;18957;
RM;5486;0.09;8.72;9.88;0;0;0;0;19098;
RM;5526;0.17;8.71;9.87;0;0;0;0;19245;
RM;5567;0.35;8.69;9.88;0;0;0;0;19401;
RM;5607;0.81;8.69;9.87;0;0;0;0;19544;
RM;5647;0.94;8.77;9.88;0;0;0;0;19682;
RM;5687;0.67;8.75;9.88;0;0;0;0;19830;
RM;5728;0.65;8.71;9.90;0;0;0;0;19975;
RM;5768;-0.01;8.71;9.88;0;0;0;0;20120;
RM;5808;0.52;8.78;9.87;0;0;0;0;20260;
RM;5848;0.36;8.69;9.86;0;0;0;0;20414;
RM;5888;0.11;8.71;9.87;0;0;0;0;20561;
RM;5928;0.37;8.71;9.88;0;0;0;0;20705;
RM;5968;0.85;8.71;9.88;0;0;0;0;20847;
RM;6008;0.85;8.75;9.91;0;0;0;0;20992;
RM;6048;0.93;8.72;9.91;0;0;0;0;21130;
RM;6089;0.57;8.71;9.91;0;0;0;0;21275;
RM;6129;0.72;8.69;9.87;0;0;0;0;21424;
RM;6169;0.40;8.69;9.86;0;0;0;0;21570;
RM;6209;0.49;8.77;9.85;0;0;0;0;21718;
RM;6250;0.61;8.72;9.88;0;0;0;0;21876;
RM;6290;0.63;8.75;9.89;0;0;0;0;22015;
RM;6330;0.77;8.74;9.92;0;0;0;0;22151;
RM;6370;1.00;8.78;9.90;0;0;0;0;22288;
RM;6410;1.08;8.71;9.89;0;0;0;0;22426;
RM;6450;0.95;8.69;9.88;0;0;0;0;22572;
RM;6490;0.92;8.71;9.87;0;0;0;0;22716;
RM;6530;0.53;8.69;9.86;0;0;0;0;22862;
RM;6571;0.46;8.69;9.87;0;0;0;0;23010;
RM;6611;0.41;8.74;9.88;0;0;0;0;23155;
RM;6651;0.13;8.69;9.89;0;0;0;0;23296;
RM;6691;0.97;8.68;9.89;0;0;0;0;23433;
RM;6731;1.28;8.79;9.89;0;0;0;0;23570;
RM;6772;0.20;8.69;9.89;0;0;0;0;23722;
RM;6812;0.58;8.72;9.88;0;0;0;0;23863;
RM;6852;0.35;8.72;9.88;0;0;0;0;24009;
RM;6892;0.40;8.72;9.88;0;0;0;0;24156;
RM;6932;0.45;8.75;9.87;0;0;0;0;24299;
RM;6972;0.28;8.74;9.87;0;0;0;0;24444;
RM;7012;0.12;8.69;9.87;0;0;0;0;24584;
RM;7052;0.46;8.68;9.89;0;0;0;0;24726;
RM;7093;0.95;8.79;9.89;0;0;0;0;24871;
RM;7133;0.45;8.72;9.88;0;0;0;0;25011;
RM;7173;0.79;8.68;9.88;0;0;0;0;25154;
RM;7213;0.78;8.72;9.88;0;0;0;0;25296;
RM;7254;0.27;8.74;9.89;0;0;0;0;25448;
RM;7294;0.78;8.71;9.87;0;0;0;0;25595;
RM;7334;0.44;8.72;9.88;0;0;0;0;25733;
RM;7374;0.14;8.72;9.87;0;0;0;0;25879;
RM;7414;1.28;8.72;9.89;0;0;0;0;26023;
RM;7454;1.05;8.78;9.90;0;0;0;0;26165;
RM;7494;0.50;8.72;9.89;0;0;0;0;26310;
RM;7534;0.44;8.68;9.88;0;0;0;0;26449;
RM;7574;0.60;8.74;9.88;0;0;0;0;26588;
RM;7615;0.52;8.74;9.88;0;0;0;0;26742;
RM;7655;0.22;8.75;9.87;0;0;0;0;26884;
RM;7695;0.39;8.72;9.89;0;0;0;0;27028;
RM;7735;0.49;8.72;9.87;0;0;0;0;27167;
RM;7776;1.04;8.71;9.89;0;0;0;0;27318;
RM;7816;0.65;8.72;9.88;0;0;0;0;27465;
RM;7856;0.60;8.72;9.89;0;0;0;0;27610;
RM;7896;0.75;8.74;9.89;0;0;0;0;27754;
RM;7936;0.39;8.68;9.89;0;0;0;0;27896;
RM;7976;0.67;8.68;9.87;0;0;0;0;28047;
RM;8016;0.15;8.75;9.89;0;0;0;0;28188;
RM;8056;0.45;8.71;9.87;0;0;0;0;28330;
RM;8096;-0.01;8.68;9.87;0;0;0;0;28472;
RM;8137;0.96;8.68;9.88;0;0;0;0;28621;
RM;8177;0.94;8.78;9.89;0;0;0;0;28766;
RM;8217;0.70;8.72;9.89;0;0;0;0;28904;
RM;8257;0.34;8.74;9.88;0;0;0;0;29047;
RM;8298;0.67;8.71;9.90;0;0;0;0;29200;
RM;8338;0.26;8.68;9.88;0;0;0;0;29347;
RM;8378;0.26;8.78;9.87;0;0;0;0;29488;
RM;8418;0.54;8.68;9.88;0;0;0;0;29632;
RM;8458;0.33;8.71;9.86;0;0;0;0;29776;
RM;8498;0.86;8.71;9.88;0;0;0;0;29920;
RM;8538;1.45;8.72;9.87;0;0;0;0;30057;
RM;8578;1.09;8.79;9.88;0;0;0;0;30196;
RM;8619;0.42;8.66;9.88;0;0;0;0;30344;
RM;8659;0.42;8.68;9.88;0;0;0;0;30496;
RM;8699;0.62;8.74;9.88;0;0;0;0;30641;
RM;8739;0.17;8.75;9.88;0;0;0;0;30789;
RM;8779;-0.01;8.71;9.89;0;0;0;0;30930;
RM;8820;0.61;8.72;9.90;0;0;0;0;31079;
RM;8860;0.73;8.68;9.88;0;0;0;0;31220;
RM;8900;0.40;8.68;9.88;0;0;0;0;31365;
RM;8940;0.85;8.69;9.90;0;0;0;0;31505;
RM;8980;0.57;8.74;9.89;0;0;0;0;31647;
RM;9020;0.46;8.71;9.90;0;0;0;0;31793;
RM;9060;0.30;8.69;9.90;0;0;0;0;31935;
RM;9100;0.43;8.69;9.90;0;0;0;0;32080;
RM;9141;0.27;8.72;9.86;0;0;0;0;32233;
RM;9181;0.25;8.68;9.82;0;0;0;0;32370;
RM;9221;0.53;8.69;9.89;0;0;0;0;32512;
RM;9261;0.61;8.71;9.92;0;0;0;0;32654;
RM;9302;0.77;8.77;9.89;0;0;0;0;32807;
RM;9342;0.30;8.69;9.86;0;0;0;0;32961;
RM;9382;0.58;8.72;9.88;0;0;0;0;33103;
RM;9422;0.42;8.72;9.93;0;0;0;0;33242;
RM;9462;0.01;8.75;9.94;0;0;0;0;33381;
RM;9502;0.57;8.69;9.92;0;0;0;0;33520;
RM;9542;-0.20;8.69;9.83;0;0;0;0;33668;
RM;9582;0.14;8.69;9.89;0;0;0;0;33807;
RM;9622;0.50;8.66;9.84;0;0;0;0;33955;
RM;9663;0.97;8.74;9.90;0;0;0;0;34103;
RM;9703;0.65;8.66;9.89;0;0;0;0;34250;
RM;9743;0.75;8.66;9.87;0;0;0;0;34396;
RM;9783;-0.13;8.72;9.88;0;0;0;0;34544;
RM;9824;0.55;8.66;9.92;0;0;0;0;34692;
RM;9864;0.21;8.74;9.82;0;0;0;0;34835;
RM;9904;0.90;8.66;9.99;0;0;0;0;34973;
RM;9944;0.91;8.66;9.86;0;0;0;0;35112;
RM;9984;0.55;8.66;9.85;0;0;0;0;35254;
RM;10024;0.50;8.74;9.93;0;0;0;0;35405;
RM;10064;0.58;8.71;9.87;0;0;0;0;35550;
RM;10104;0.61;8.71;9.85;0;0;0;0;35689;
RM;10148;0.65;8.72;9.82;0;0;0;0;35837;
RM;10185;0.67;8.68;9.90;0;0;0;0;35992;
RM;10229;0.29;8.74;9.95;0;0;0;0;36144;
RM;10270;0.95;8.74;10.03;0;0;0;0;36295;
RM;10312;0.26;8.74;9.94;0;0;0;0;36456;
RM;10352;1.34;8.78;9.94;0;0;0;0;36610;
RM;10393;0.94;8.74;9.83;0;0;0;0;36762;
RM;10434;0.61;8.74;9.81;0;0;0;0;36913;
RM;10474;0.49;8.74;9.81;0;0;0;0;37059;
RM;10515;0.31;8.72;9.79;0;0;0;0;37204;
RM;10555;0.08;8.74;9.82;0;0;0;0;37355;
RM;10596;-0.14;8.69;9.86;0;0;0;0;37508;
RM;10640;0.46;8.72;9.94;0;0;0;0;37654;
RM;10677;0.68;8.77;9.93;0;0;0;0;37809;
RM;10721;0.57;8.72;9.90;0;0;0;0;37954;
RM;10762;0.69;8.74;9.90;0;0;0;0;38103;
RM;10802;0.18;8.72;9.88;0;0;0;0;38256;
RM;10843;0.43;8.93;9.87;0;0;0;0;38399;
RM;10884;-0.03;8.74;9.89;0;0;0;0;38552;
RM;10925;0.02;8.71;9.86;0;0;0;0;38715;
RM;10966;0.21;8.72;9.87;0;0;0;0;38868;
RM;11006;0.47;8.71;9.87;0;0;0;0;39023;
RM;11046;0.42;8.72;9.86;0;0;0;0;39171;
RM;11087;0.65;8.72;9.83;0;0;0;0;39317;
RM;11127;0.20;8.72;9.90;0;0;0;0;39464;
RM;11168;0.25;8.72;9.90;0;0;0;0;39607;
RM;11209;-0.39;8.66;9.87;0;0;0;0;39762;
RM;11253;0.38;8.72;9.85;0;0;0;0;39915;
RM;11294;0.75;8.78;9.83;0;0;0;0;40071;
RM;11334;0.36;8.72;9.85;0;0;0;0;40223;
RM;11375;0.77;8.72;9.84;0;0;0;0;40371;
RM;11415;0.53;8.72;9.91;0;0;0;0;40525;
RM;11456;-0.26;8.78;9.95;0;0;0;0;40671;
RM;11498;-0.13;8.72;9.92;0;0;0;0;40835;
RM;11539;0.10;8.71;9.91;0;0;0;0;41001;
RM;11580;1.25;8.74;9.91;0;0;0;0;41147;
RM;11620;1.02;8.65;9.89;0;0;0;0;41296;
RM;11660;1.13;8.71;9.92;0;0;0;0;41437;
RM;11701;0.51;8.65;9.95;0;0;0;0;41588;
RM;11741;0.27;8.65;9.92;0;0;0;0;41735;
RM;11785;0.20;8.72;9.83;0;0;0;0;41881;
RM;11826;0.27;8.69;9.81;0;0;0;0;42037;
RM;11867;-0.04;8.72;9.89;0;0;0;0;42188;
RM;11908;0.49;8.72;9.84;0;0;0;0;42342;
RM;11949;0.03;8.72;9.93;0;0;0;0;42490;
RM;11988;0.07;8.72;10.02;0;0;0;0;42636;
RM;12030;0.38;8.72;9.94;0;0;0;0;42794;
RM;12071;0.43;8.77;9.85;0;0;0;0;42942;
RM;12111;0.25;8.72;9.91;0;0;0;0;43091;
RM;12152;0.24;8.65;9.84;0;0;0;0;43242;
RM;12192;0.02;8.68;9.80;0;0;0;0;43386;
RM;12233;0.66;8.71;9.81;0;0;0;0;43541;
RM;12273;0.30;8.69;9.88;0;0;0;0;43685;
RM;12313;0.61;8.65;9.86;0;0;0;0;43831;
RM;12357;0.73;8.72;9.96;0;0;0;0;43988;
RM;12398;0.45;8.77;9.99;0;0;0;0;44138;
RM;12439;0.17;8.72;10.00;0;0;0;0;44293;
RM;12480;0.31;8.72;9.98;0;0;0;0;44456;
RM;12521;0.70;8.71;9.84;0;0;0;0;44607;
RM;12562;0.01;8.77;9.84;0;0;0;0;44763;
RM;12602;0.56;8.72;9.75;0;0;0;0;44912;
RM;12643;1.09;8.72;9.80;0;0;0;0;45058;
RM;12683;0.32;8.72;9.90;0;0;0;0;45208;
RM;12724;0.55;8.77;10.02;0;0;0;0;45354;
RM;12765;0.54;8.66;9.95;0;0;0;0;45508;
RM;12805;0.57;8.65;9.87;0;0;0;0;45656;
RM;12845;0.12;8.63;9.88;0;0;0;0;45803;
RM;12886;0.79;8.69;9.82;0;0;0;0;45957;
RM;12926;0.53;8.65;9.85;0;0;0;0;46113;
RM;12966;0.45;8.65;9.85;0;0;0;0;46254;
RM;13010;0.45;8.71;9.87;0;0;0;0;46399;
RM;13051;0.57;8.72;9.90;0;0;0;0;46554;
RM;13091;0.44;8.72;9.97;0;0;0;0;46702;
RM;13132;0.41;8.72;9.86;0;0;0;0;46857;
RM;13172;0.21;8.71;9.84;0;0;0;0;47013;
RM;13213;0.90;8.72;9.90;0;0;0;0;47160;
RM;13254;0.93;8.71;9.94;0;0;0;0;47309;
RM;13294;1.53;8.71;9.92;0;0;0;0;47455;
RM;13335;0.88;8.69;9.87;0;0;0;0;47602;
RM;13376;1.06;8.77;9.83;0;0;0;0;47750;
RM;13416;1.03;8.71;9.88;0;0;0;0;47908;
RM;13457;0.49;8.69;9.88;0;0;0;0;48062;
RM;13497;0.28;8.71;9.87;0;0;0;0;48205;
RM;13538;1.14;8.69;9.82;0;0;0;0;48349;
RM;13578;1.06;8.66;9.86;0;0;0;0;48488;
RM;13618;0.49;8.65;9.89;0;0;0;0;48634;
RM;13662;0.80;8.71;9.91;0;0;0;0;48786;
RM;13703;0.44;8.71;9.88;0;0;0;0;48937;
RM;13744;0.38;8.71;9.90;0;0;0;0;49095;
RM;13784;0.25;8.71;9.85;0;0;0;0;49244;
RM;13825;0.13;8.71;9.86;0;0;0;0;49387;
RM;13864;0.18;8.72;9.96;0;0;0;0;49536;
RM;13905;0.66;8.71;9.90;0;0;0;0;49683;
RM;13946;0.68;8.72;9.83;0;0;0;0;49838;
RM;13986;0.18;8.71;9.89;0;0;0;0;49988;
RM;14027;0.59;8.75;9.87;0;0;0;0;50136;
RM;14067;0.41;8.69;9.88;0;0;0;0;50295;
RM;14108;0.92;8.71;9.86;0;0;0;0;50448;
RM;14149;0.44;8.71;9.92;0;0;0;0;50594;
RM;14189;0.74;8.77;9.86;0;0;0;0;50745;
RM;14230;0.78;8.65;9.87;0;0;0;0;50890;
RM;14271;0.74;8.68;9.89;0;0;0;0;51038;
RM;14311;0.76;8.65;9.93;0;0;0;0;51179;
RM;14351;0.63;8.68;9.91;0;0;0;0;51331;
RM;14395;0.44;8.71;9.83;0;0;0;0;51478;
RM;14432;0.54;8.69;9.88;0;0;0;0;51631;
RM;14476;0.20;8.72;9.94;0;0;0;0;51772;
RM;14517;0.34;8.69;9.91;0;0;0;0;51918;
RM;14558;0.76;8.69;9.80;0;0;0;0;52069;
RM;14598;1.11;8.72;9.82;0;0;0;0;52220;
RM;14639;0.57;8.71;9.90;0;0;0;0;52370;
RM;14680;1.08;8.72;9.94;0;0;0;0;52525;
RM;14720;0.57;8.72;9.95;0;0;0;0;52671;
RM;14760;0.61;8.71;9.88;0;0;0;0;52825;
RM;14800;0.89;8.72;9.84;0;0;0;0;52968;
RM;14841;0.36;8.74;9.95;0;0;0;0;53112;
RM;14882;0.75;8.71;9.87;0;0;0;0;53268;
RM;14922;0.92;8.71;9.87;0;0;0;0;53420;
RM;14963;1.28;8.71;9.80;0;0;0;0;53567;
RM;15003;1.31;8.74;9.79;0;0;0;0;53724;
RM;15044;0.63;8.63;9.86;0;0;0;0;53864;
RM;15084;0.42;8.69;9.97;0;0;0;0;54014;
RM;15124;0.63;8.69;10.03;0;0;0;0;54159;
RM;15169;0.45;8.72;10.08;0;0;0;0;54315;
RM;15211;0.29;8.71;10.02;0;0;0;0;54468;
RM;15252;-0.01;8.71;9.86;0;0;0;0;54624;
RM;15294;0.67;8.72;9.77;0;0;0;0;54783;
RM;15335;0.12;8.65;9.78;0;0;0;0;54938;
RM;15375;0.45;8.63;9.89;0;0;0;0;55082;
RM;15415;0.34;8.75;10.12;0;0;0;0;55225;
RM;15460;0.50;8.72;10.35;0;0;0;0;55374;
RM;15502;0.84;8.71;9.81;0;0;0;0;55532;
RM;15542;0.70;8.71;9.96;0;0;0;0;55689;
RM;15583;0.91;8.75;9.65;0;0;0;0;55835;
RM;15624;1.20;8.71;9.68;0;0;0;0;55996;
RM;15664;0.68;8.71;9.97;0;0;0;0;56148;
RM;15705;1.03;8.72;10.04;0;0;0;0;56299;
RM;15746;0.03;8.71;10.23;0;0;0;0;56448;
RM;15787;0.55;8.63;10.05;0;0;0;0;56601;
RM;15827;1.05;8.63;9.94;0;0;0;0;56750;
RM;15872;0.91;8.75;9.74;0;0;0;0;56901;
RM;15912;0.78;8.71;9.70;0;0;0;0;57055;
RM;15953;1.00;8.71;9.70;0;0;0;0;57212;
RM;15993;0.83;8.71;9.96;0;0;0;0;57371;
RM;16034;0.88;8.77;10.04;0;0;0;0;57518;
RM;16075;0.77;8.72;10.19;0;0;0;0;57674;
RM;16117;0.71;8.71;9.98;0;0;0;0;57826;
RM;16158;0.67;8.72;9.83;0;0;0;0;57976;
RM;16198;0.95;8.65;9.77;0;0;0;0;58115;
RM;16238;0.72;8.63;9.82;0;0;0;0;58259;
RM;16282;0.52;8.71;9.89;0;0;0;0;58414;
RM;16319;1.10;8.63;9.90;0;0;0;0;58559;
RM;16364;0.98;8.71;9.95;0;0;0;0;58712;
RM;16404;0.94;8.71;9.92;0;0;0;0;58855;
RM;16445;0.97;8.69;9.99;0;0;0;0;59005;
RM;16485;1.20;8.69;9.91;0;0;0;0;59158;
RM;16526;1.47;8.71;9.89;0;0;0;0;59314;
RM;16567;1.23;8.71;9.89;0;0;0;0;59468;
RM;16607;0.92;8.71;9.95;0;0;0;0;59623;
RM;16648;0.92;8.71;9.87;0;0;0;0;59770;
RM;16688;0.97;8.71;9.83;0;0;0;0;59916;
RM;16729;0.51;8.71;9.85;0;0;0;0;60061;
RM;16770;1.31;8.63;9.92;0;0;0;0;60211;
RM;16811;1.11;8.71;9.97;0;0;0;0;60358;
RM;16851;0.74;8.62;10.01;0;0;0;0;60508;
RM;16896;0.39;8.71;9.95;0;0;0;0;60652;
RM;16936;0.36;8.71;9.86;0;0;0;0;60809;
RM;16976;0.26;8.71;9.83;0;0;0;0;60952;
RM;17017;0.89;8.71;9.76;0;0;0;0;61103;
RM;17057;1.44;8.71;9.81;0;0;0;0;61256;
RM;17098;0.69;8.71;9.90;0;0;0;0;61408;
RM;17139;1.01;8.75;10.03;0;0;0;0;61562;
RM;17180;0.87;8.71;10.04;0;0;0;0;61715;
RM;17222;0.48;8.63;9.94;0;0;0;0;61873;
RM;17262;0.89;8.74;9.80;0;0;0;0;62014;
RM;17302;0.58;8.69;9.75;0;0;0;0;62161;
RM;17343;0.57;8.63;9.78;0;0;0;0;62315;
RM;17383;0.62;8.63;9.87;0;0;0;0;62460;
RM;17427;0.71;8.75;9.99;0;0;0;0;62609;
RM;17468;0.87;8.72;10.05;0;0;0;0;62753;
RM;17510;0.66;8.71;9.97;0;0;0;0;62913;
RM;17550;0.91;8.71;9.89;0;0;0;0;63074;
RM;17591;0.08;8.75;9.79;0;0;0;0;63221;
RM;17632;0.87;8.71;9.77;0;0;0;0;63371;
RM;17672;0.76;8.71;9.85;0;0;0;0;63520;
RM;17713;0.21;8.71;9.92;0;0;0;0;63676;
RM;17753;0.89;8.77;10.02;0;0;0;0;63823;
RM;17794;0.64;8.65;9.95;0;0;0;0;63971;
RM;17835;0.53;8.66;9.88;0;0;0;0;64127;
RM;17875;0.27;8.66;9.81;0;0;0;0;64280;
RM;17915;0.11;8.69;9.80;0;0;0;0;64421;
RM;17955;0.30;8.72;9.87;0;0;0;0;64564;
RM;17999;0.62;8.71;9.93;0;0;0;0;64711;
RM;18036;0.74;8.62;9.97;0;0;0;0;64863;
RM;18080;1.17;8.71;9.92;0;0;0;0;65012;
RM;18121;1.00;8.71;9.87;0;0;0;0;65168;
RM;18162;0.59;8.71;9.82;0;0;0;0;65321;
RM;18202;0.36;8.71;9.82;0;0;0;0;65469;
RM;18243;0.22;8.75;9.87;0;0;0;0;65621;
RM;18284;0.47;8.71;9.90;0;0;0;0;65769;
RM;18324;0.34;8.71;9.94;0;0;0;0;65913;
RM;18365;0.08;8.69;9.92;0;0;0;0;66067;
RM;18405;1.43;8.74;9.89;0;0;0;0;66228;
RM;18446;0.92;8.71;9.85;0;0;0;0;66380;
RM;18487;-0.03;8.66;9.85;0;0;0;0;66540;
RM;18528;0.81;8.71;9.87;0;0;0;0;66689;
RM;18568;0.81;8.68;9.88;0;0;0;0;66829;
RM;18612;0.60;8.69;9.89;0;0;0;0;66978;
RM;18653;0.64;8.69;9.92;0;0;0;0;67121;
RM;18693;1.08;8.60;9.86;0;0;0;0;67272;
RM;18734;1.08;8.71;9.91;0;0;0;0;67427;
RM;18775;0.84;8.71;9.87;0;0;0;0;67580;
RM;18814;0.47;8.69;9.88;0;0;0;0;67733;
RM;18855;0.21;8.71;9.91;0;0;0;0;67872;
RM;18896;0.45;8.71;9.86;0;0;0;0;68017;
RM;18936;0.55;8.71;9.77;0;0;0;0;68165;
RM;18977;0.31;8.69;9.91;0;0;0;0;68316;
RM;19017;0.54;8.69;9.96;0;0;0;0;68468;
RM;19058;0.77;8.71;9.88;0;0;0;0;68614;
RM;19099;1.05;8.68;9.96;0;0;0;0;68755;
RM;19139;0.94;8.68;9.84;0;0;0;0;68912;
RM;19180;0.44;8.72;9.80;0;0;0;0;69049;
RM;19220;0.31;8.62;9.88;0;0;0;0;69189;
RM;19260;-0.04;8.68;9.89;0;0;0;0;69330;
RM;19305;0.31;8.69;9.90;0;0;0;0;69488;
RM;19346;0.18;8.75;9.93;0;0;0;0;69639;
RM;19386;0.71;8.69;9.92;0;0;0;0;69785;
RM;19427;0.37;8.68;9.87;0;0;0;0;69939;
RM;19468;0.65;8.69;9.84;0;0;0;0;70094;
RM;19508;0.21;8.75;9.83;0;0;0;0;70241;
RM;19549;-0.11;8.69;9.86;0;0;0;0;70387;
RM;19591;0.29;8.69;9.88;0;0;0;0;70547;
RM;19631;0.02;8.69;9.93;0;0;0;0;70696;
RM;19672;1.03;8.66;9.90;0;0;0;0;70846;
RM;19712;0.60;8.65;9.94;0;0;0;0;70994;
RM;19752;0.41;8.66;9.80;0;0;0;0;71146;
RM;19792;0.86;8.68;9.88;0;0;0;0;71298;
RM;19832;0.75;8.71;9.88;0;0;0;0;71447;
RM;19876;0.62;8.69;9.75;0;0;0;0;71597;
RM;19917;0.36;8.68;9.96;0;0;0;0;71750;
RM;19958;0.44;8.69;9.88;0;0;0;0;71910;
RM;19998;0.74;8.74;10.05;0;0;0;0;72057;
RM;20040;1.23;8.69;9.86;0;0;0;0;72211;
RM;20080;1.29;8.69;9.99;0;0;0;0;72366;
RM;20121;0.67;8.69;9.91;0;0;0;0;72514;
RM;20162;0.97;8.69;9.95;0;0;0;0;72658;
RM;20202;0.97;8.69;9.94;0;0;0;0;72803;
RM;20243;0.43;8.69;9.87;0;0;0;0;72956;
RM;20284;0.85;8.72;9.81;0;0;0;0;73110;
RM;20324;1.34;8.62;9.89;0;0;0;0;73251;
RM;20364;1.57;8.66;9.95;0;0;0;0;73399;
RM;20405;0.58;8.65;9.92;0;0;0;0;73554;
RM;20445;0.62;8.68;9.89;0;0;0;0;73700;
RM;20489;0.18;8.69;9.87;0;0;0;0;73844;
RM;20530;0.72;8.69;9.89;0;0;0;0;73991;
RM;20571;0.25;8.69;9.89;0;0;0;0;74143;
RM;20611;0.61;8.69;9.86;0;0;0;0;74302;
RM;20652;1.10;8.69;9.90;0;0;0;0;74452;
RM;20692;0.69;8.69;9.90;0;0;0;0;74608;
RM;20732;1.00;8.69;9.90;0;0;0;0;74760;
RM;20773;0.34;8.69;9.93;0;0;0;0;74909;
RM;20813;0.44;8.68;9.92;0;0;0;0;75067;
RM;20854;0.18;8.69;9.86;0;0;0;0;75216;
RM;20895;0.28;8.69;9.87;0;0;0;0;75365;
RM;20935;0.18;8.69;9.87;0;0;0;0;75516;
RM;20976;0.28;8.69;9.83;0;0;0;0;75664;
RM;21016;0.00;8.69;9.87;0;0;0;0;75818;
RM;21057;0.84;8.62;9.87;0;0;0;0;75959;
RM;21098;0.58;8.72;9.90;0;0;0;0;76110;
RM;21138;0.47;8.66;10.06;0;0;0;0;76256;
RM;21183;-0.16;8.69;9.85;0;0;0;0;76413;
RM;21224;0.22;8.69;9.76;0;0;0;0;76578;
RM;21265;0.16;8.72;9.93;0;0;0;0;76733;
RM;21306;0.07;8.69;9.76;0;0;0;0;76890;
RM;21346;0.91;8.69;9.90;0;0;0;0;77038;
RM;21387;0.69;8.69;9.88;0;0;0;0;77194;
RM;21427;0.54;8.74;9.76;0;0;0;0;00;8.69;9.86;0;0;0;0;77482;
RM;21509;0.17;8.62;9.59;0;0;0;0;77629;
RM;21549;-0.03;8.65;9.94;0;0;0;0;77771;
RM;21590;0.56;8.62;9.77;0;0;0;0;77930;
RM;21630;0.38;8.65;9.71;0;0;0;0;78083;
RM;21670;0.20;8.66;9.83;0;0;0;0;78226;
RM;21715;0.22;8.68;9.91;0;0;0;0;78377;
RM;21755;0.05;8.69;9.95;0;0;0;0;78527;
RM;21796;0.05;8.69;9.83;0;0;0;0;78673;
RM;21836;0.02;8.69;9.88;0;0;0;0;78827;
RM;21877;0.60;8.69;9.86;0;0;0;0;78976;
RM;21918;0.09;8.68;9.87;0;0;0;0;79127;
RM;21958;0.25;8.69;9.92;0;0;0;0;79275;
RM;21999;0.41;8.69;9.94;0;0;0;0;79424;
RM;22039;0.17;8.69;9.91;0;0;0;0;79569;
RM;22080;0.48;8.69;9.88;0;0;0;0;79713;
RM;22121;0.27;8.69;9.82;0;0;0;0;79868;
RM;22161;-0.03;8.68;9.85;0;0;0;0;80023;
RM;22202;0.14;8.72;9.88;0;0;0;0;80169;
RM;22242;-0.16;8.65;9.95;0;0;0;0;80306;
RM;22287;0.37;8.68;9.95;0;0;0;0;80455;
RM;22327;0.35;8.69;9.90;0;0;0;0;80602;
RM;22368;0.55;8.74;9.89;0;0;0;0;80749;
RM;22408;0.19;8.69;9.85;0;0;0;0;80895;
RM;22449;0.30;8.69;9.83;0;0;0;0;81040;
RM;22490;0.29;8.68;9.88;0;0;0;0;81193;
RM;22530;0.29;8.72;9.90;0;0;0;0;81350;
RM;22571;0.30;8.69;9.89;0;0;0;0;81501;
RM;22611;0.42;8.68;9.93;0;0;0;0;81660;
RM;22651;0.64;8.69;9.97;0;0;0;0;81810;
RM;22692;0.68;8.72;9.83;0;0;0;0;81960;
RM;22732;0.25;8.69;9.77;0;0;0;0;82109;
RM;22773;0.47;8.69;9.98;0;0;0;0;82257;
RM;22814;-0.17;8.65;9.88;0;0;0;0;82409;
RM;22858;0.34;8.69;9.75;0;0;0;0;82548;
RM;22899;0.17;8.69;10.03;0;0;0;0;82699;
RM;22940;-0.22;8.68;10.00;0;0;0;0;82860;
RM;22983;0.58;8.74;9.81;0;0;0;0;83016;
RM;23024;0.85;8.69;9.90;0;0;0;0;83164;
RM;23064;0.24;8.69;9.95;0;0;0;0;83302;
RM;23105;0.39;8.60;9.89;0;0;0;0;83452;
RM;23146;0.04;8.60;9.90;0;0;0;0;83600;
RM;23186;0.68;8.63;9.85;0;0;0;0;83742;
RM;23226;0.58;8.63;9.89;0;0;0;0;83886;
RM;23270;0.83;8.68;9.85;0;0;0;0;84041;
RM;23311;0.80;8.69;9.91;0;0;0;0;84195;
RM;23351;0.39;8.68;9.88;0;0;0;0;84350;
RM;23392;-0.07;8.68;9.87;0;0;0;0;84492;
RM;23434;0.15;8.69;9.88;0;0;0;0;84649;
RM;23474;-0.01;8.68;9.85;0;0;0;0;84800;
RM;23516;0.26;8.68;9.89;0;0;0;0;84953;
RM;23557;0.71;8.63;9.93;0;0;0;0;85111;
RM;23597;0.44;8.66;9.87;0;0;0;0;85258;
RM;23638;0.27;8.63;9.92;0;0;0;0;85416;
RM;23678;-0.15;8.60;9.88;0;0;0;0;85568;
RM;23723;0.44;8.68;9.83;0;0;0;0;85708;
RM;23763;-0.04;8.68;9.87;0;0;0;0;85866;
RM;23804;0.08;8.68;9.74;0;0;0;0;86031;
RM;23845;-0.06;8.68;9.82;0;0;0;0;86184;
RM;23887;0.38;8.74;9.83;0;0;0;0;86350;
RM;23927;0.40;8.68;10.05;0;0;0;0;86489;
RM;23968;0.44;8.63;9.91;0;0;0;0;86637;
RM;24009;0.82;8.60;9.94;0;0;0;0;86781;
RM;24049;0.59;8.60;9.96;0;0;0;0;86920;
RM;24089;0.25;8.60;9.82;0;0;0;0;87069;
RM;24133;0.23;8.68;9.93;0;0;0;0;87219;
RM;24170;1.04;8.66;9.92;0;0;0;0;87370;
RM;24214;0.99;8.69;9.85;0;0;0;0;87522;
RM;24255;0.29;8.68;9.96;0;0;0;0;87671;
RM;24296;0.78;8.68;9.84;0;0;0;0;87822;
RM;24336;0.54;8.66;9.84;0;0;0;0;87976;
RM;24377;0.57;8.72;9.89;0;0;0;0;88125;
RM;24418;0.53;8.68;9.86;0;0;0;0;88278;
RM;24458;0.41;8.68;9.91;0;0;0;0;88433;
RM;24499;-0.02;8.68;9.90;0;0;0;0;88583;
RM;24540;0.52;8.68;9.91;0;0;0;0;88739;
RM;24581;0.38;8.63;9.86;0;0;0;0;88883;
RM;24621;0.20;8.66;9.87;0;0;0;0;89028;
RM;24662;0.69;8.71;9.85;0;0;0;0;89188;
RM;24702;0.17;8.63;9.91;0;0;0;0;89353;
RM;24742;0.15;8.65;9.92;0;0;0;0;89493;
RM;24782;0.40;8.63;9.89;0;0;0;0;89643;
RM;24826;0.55;8.68;9.84;0;0;0;0;89792;
RM;24867;0.91;8.68;9.86;0;0;0;0;89941;
RM;24907;0.73;8.65;9.86;0;0;0;0;90094;
RM;24948;0.32;8.68;9.90;0;0;0;0;90246;
RM;24989;0.11;8.68;9.91;0;0;0;0;90397;
RM;25029;0.57;8.68;9.92;0;0;0;0;90548;
RM;25070;-0.13;8.68;9.79;0;0;0;0;90701;
RM;25111;0.30;8.65;9.90;0;0;0;0;90860;
RM;25152;0.33;8.68;9.88;0;0;0;0;91008;
RM;25193;0.69;8.68;9.75;0;0;0;0;91159;
RM;25233;1.26;8.68;9.93;0;0;0;0;91308;
RM;25274;0.46;8.63;9.82;0;0;0;0;91454;
RM;25314;0.63;8.68;9.92;0;0;0;0;91599;
RM;25354;0.80;8.63;9.84;0;0;0;0;91749;
RM;25398;0.09;8.68;9.85;0;0;0;0;91897;
RM;25439;0.38;8.66;10.08;0;0;0;0;92055;
RM;25480;0.69;8.72;9.90;0;0;0;0;92204;
RM;25521;0.61;8.68;9.81;0;0;0;0;92345;
RM;25562;0.72;8.68;9.88;0;0;0;0;92494;
RM;25602;0.63;8.68;9.90;0;0;0;0;92635;
RM;25643;0.69;8.74;9.91;0;0;0;0;92787;
RM;25682;1.38;8.66;9.94;0;0;0;0;92942;
RM;25723;0.27;8.68;9.93;0;0;0;0;93083;
RM;25764;0.53;8.68;9.90;0;0;0;0;93229;
RM;25804;0.22;8.72;9.84;0;0;0;0;93369;
RM;25845;0.20;8.68;9.83;0;0;0;0;93519;
RM;25886;-0.10;8.63;9.83;0;0;0;0;93677;
RM;25930;0.40;8.71;9.91;0;0;0;0;93821;
RM;25971;0.79;8.68;9.94;0;0;0;0;93976;
RM;26011;0.48;8.68;9.92;0;0;0;0;94126;
RM;26052;0.43;8.68;9.89;0;0;0;0;94278;
RM;26092;1.24;8.68;9.83;0;0;0;0;94435;
RM;26133;0.89;8.68;9.83;0;0;0;0;94583;
RM;26174;0.32;8.68;9.85;0;0;0;0;94733;
RM;26214;1.64;8.66;9.95;0;0;0;0;94882;
RM;26255;1.28;8.68;9.99;0;0;0;0;95030;
RM;26296;1.47;8.68;9.81;0;0;0;0;95182;
RM;26336;0.66;8.68;9.88;0;0;0;0;95334;
RM;26377;0.99;8.68;9.84;0;0;0;0;95481;
RM;26417;1.28;8.68;9.73;0;0;0;0;95633;
RM;26458;1.05;8.63;9.81;0;0;0;0;95773;
RM;26498;1.26;8.63;9.88;0;0;0;0;95914;
RM;26539;1.49;8.66;9.93;0;0;0;0;96064;
RM;26579;1.47;8.68;10.03;0;0;0;0;96216;
RM;26624;1.22;8.68;9.94;0;0;0;0;96368;
RM;26664;1.15;8.68;9.84;0;0;0;0;96520;
RM;26704;0.94;8.68;9.90;0;0;0;0;96667;
RM;26745;0.81;8.72;9.81;0;0;0;0;96818;
RM;26786;0.24;8.68;9.89;0;0;0;0;96975;
RM;26826;0.73;8.68;9.84;0;0;0;0;97122;
RM;26867;0.97;8.68;9.94;0;0;0;0;97269;
RM;26907;1.09;8.71;9.94;0;0;0;0;97419;
RM;26948;1.42;8.68;9.94;0;0;0;0;97574;
RM;26989;1.24;8.68;9.88;0;0;0;0;97726;
RM;27029;0.89;8.65;9.89;0;0;0;0;97874;
RM;27070;0.75;8.66;9.83;0;0;0;0;98024;
RM;27110;0.69;8.68;9.90;0;0;0;0;98181;
RM;27151;0.99;8.63;9.85;0;0;0;0;98330;
RM;27191;1.26;8.59;9.87;0;0;0;0;98472;
RM;27232;0.59;8.66;9.90;0;0;0;0;98628;
RM;27272;0.06;8.63;9.94;0;0;0;0;98782;
RM;27312;0.67;8.62;9.90;0;0;0;0;98927;
RM;27356;0.52;8.65;9.93;0;0;0;0;99082;
RM;27397;0.04;8.72;9.89;0;0;0;0;99234;
RM;27438;-0.29;8.68;9.84;0;0;0;0;99377;
RM;27479;0.57;8.68;9.84;0;0;0;0;99536;
RM;27520;-0.11;8.66;9.83;0;0;0;0;99684;
RM;27561;0.79;8.68;9.86;0;0;0;0;99846;
RM;27601;0.81;8.68;9.79;0;0;0;0;100000;
RM;27643;0.49;8.65;9.93;0;0;0;0;100149;
RM;27687;0.06;8.68;9.91;0;0;0;0;100288;
RM;27729;-0.36;8.68;9.78;0;0;0;0;100443;
RM;27771;0.07;8.66;9.84;0;0;0;0;100613;
RM;27813;0.43;8.72;9.90;0;0;0;0;100771;
RM;27854;0.50;8.62;9.81;0;0;0;0;100922;
RM;27898;0.03;8.66;9.83;0;0;0;0;101072;
RM;27940;0.27;8.72;9.84;0;0;0;0;101232;
RM;27981;0.42;8.66;9.89;0;0;0;0;101388;
RM;28023;0.37;8.66;9.91;0;0;0;0;101536;
RM;28064;0.76;8.59;9.97;0;0;0;0;101695;
RM;28105;0.62;8.62;9.93;0;0;0;0;101840;
RM;28150;0.50;8.66;9.86;0;0;0;0;101992;
RM;28191;-0.15;8.71;9.82;0;0;0;0;102158;
RM;28234;-0.11;8.66;9.82;0;0;0;0;102326;
RM;28276;0.99;8.65;9.86;0;0;0;0;102475;
RM;28320;0.63;8.68;9.92;0;0;0;0;102614;
RM;28362;0.49;8.66;9.94;0;0;0;0;102767;
RM;28403;0.49;8.66;9.90;0;0;0;0;102921;
RM;28445;0.06;8.72;9.90;0;0;0;0;103081;
RM;28486;0.34;8.59;9.82;0;0;0;0;103238;
RM;28530;-0.29;8.66;9.83;0;0;0;0;103378;
RM;28573;0.49;8.72;9.93;0;0;0;0;103542;
RM;28614;0.45;8.66;9.86;0;0;0;0;103694;
RM;28656;0.47;8.66;9.99;0;0;0;0;103846;
RM;28697;-0.35;8.66;9.93;0;0;0;0;103994;
RM;28742;-0.23;8.66;9.87;0;0;0;0;104139;
RM;28785;-0.15;8.66;9.92;0;0;0;0;104305;
RM;28827;0.60;8.66;9.81;0;0;0;0;104479;
RM;28868;0.06;8.59;9.80;0;0;0;0;104619;
RM;28912;0.38;8.66;9.94;0;0;0;0;104764;
RM;28954;0.45;8.68;9.99;0;0;0;0;104927;
RM;28995;0.68;8.66;9.93;0;0;0;0;105081;
RM;29037;0.36;8.66;9.88;0;0;0;0;105242;
RM;29078;1.19;8.66;9.87;0;0;0;0;105396;
RM;29119;0.57;8.59;9.80;0;0;0;0;105553;
RM;29164;0.64;8.66;9.87;0;0;0;0;105710;
RM;29205;0.33;8.72;9.89;0;0;0;0;105867;
RM;29247;0.22;8.66;9.91;0;0;0;0;106023;
RM;29289;0.91;8.66;9.97;0;0;0;0;106180;
RM;29330;1.24;8.71;9.93;0;0;0;0;106329;
RM;29374;1.13;8.66;9.84;0;0;0;0;106470;
RM;29416;1.17;8.63;9.88;0;0;0;0;106631;
RM;29457;0.73;8.66;9.86;0;0;0;0;106789;
RM;29499;0.68;8.66;9.88;0;0;0;0;106942;
RM;29540;0.84;8.65;9.88;0;0;0;0;107091;
RM;29584;1.07;8.63;9.92;0;0;0;0;107232;
RM;29626;1.41;8.66;9.89;0;0;0;0;107386;
RM;29667;1.03;8.65;9.89;0;0;0;0;107544;
RM;29709;1.15;8.66;9.90;0;0;0;0;107698;
RM;29751;1.22;8.66;9.86;0;0;0;0;107862;
RM;29792;0.84;8.62;9.88;0;0;0;0;108016;
RM;29837;1.08;8.66;9.93;0;0;0;0;108172;
RM;29878;1.23;8.66;9.98;0;0;0;0;108324;
RM;29920;1.70;8.66;9.81;0;0;0;0;108483;
RM;29962;1.07;8.68;9.78;0;0;0;0;108641;
RM;30006;0.94;8.66;9.71;0;0;0;0;108791;
RM;30048;0.64;8.66;9.96;0;0;0;0;108945;
RM;30089;0.54;8.66;9.85;0;0;0;0;109110;
RM;30131;0.91;8.66;9.87;0;0;0;0;109269;
RM;30172;1.28;8.66;9.87;0;0;0;0;109419;
RM;30213;1.03;8.62;9.82;0;0;0;0;109566;
RM;30257;1.10;8.66;9.85;0;0;0;0;109712;
RM;30299;0.59;8.65;9.87;0;0;0;0;109872;
RM;30340;0.80;8.66;9.90;0;0;0;0;110037;
RM;30382;0.92;8.72;9.92;0;0;0;0;110203;
RM;30424;1.11;8.65;9.94;0;0;0;0;110357;
RM;30468;0.92;8.66;9.87;0;0;0;0;110494;
RM;30510;1.10;8.66;9.87;0;0;0;0;110646;
RM;30551;1.33;8.66;9.85;0;0;0;0;110803;
RM;30593;1.08;8.66;9.87;0;0;0;0;110951;
RM;30635;0.84;8.62;9.87;0;0;0;0;111106;
RM;30675;1.54;8.62;9.91;0;0;0;0;111249;
RM;30721;0.71;8.66;9.91;0;0;0;0;111407;
RM;30761;1.49;8.71;9.89;0;0;0;0;111567;
RM;30803;1.10;8.66;9.90;0;0;0;0;111720;
RM;30845;0.45;8.66;9.89;0;0;0;0;111881;
RM;30886;0.79;8.62;9.97;0;0;0;0;112030;
RM;30930;0.92;8.66;9.84;0;0;0;0;112175;
RM;30972;1.62;8.66;9.87;0;0;0;0;112338;
RM;31013;1.51;8.71;9.88;0;0;0;0;112493;
RM;31055;1.51;8.66;9.90;0;0;0;0;112652;
RM;31096;1.05;8.65;9.85;0;0;0;0;112800;
RM;31140;0.66;8.71;9.86;0;0;0;0;112945;
RM;31182;0.87;8.66;9.91;0;0;0;0;113097;
RM;31223;0.89;8.66;9.87;0;0;0;0;113258;
RM;31265;1.14;8.66;9.87;0;0;0;0;113407;
RM;31307;1.00;8.57;9.86;0;0;0;0;113566;
RM;31348;0.99;8.57;9.88;0;0;0;0;113718;
RM;31393;0.99;8.68;9.86;0;0;0;0;113869;
RM;31434;0.47;8.66;9.89;0;0;0;0;114028;
RM;31476;0.87;8.66;9.86;0;0;0;0;114188;
RM;31518;1.42;8.66;9.88;0;0;0;0;114339;
RM;31562;0.81;8.66;9.92;0;0;0;0;114482;
RM;31604;0.76;8.66;9.88;0;0;0;0;114640;
RM;31645;0.99;8.66;9.89;0;0;0;0;114795;
RM;31687;0.80;8.66;9.91;0;0;0;0;114953;
RM;31729;1.14;8.63;9.88;0;0;0;0;115107;
RM;31773;1.07;8.68;9.85;0;0;0;0;115248;
RM;31815;0.36;8.66;9.87;0;0;0;0;115413;
RM;31856;0.87;8.66;9.88;0;0;0;0;115577;
RM;31898;0.86;8.66;9.87;0;0;0;0;115730;
RM;31940;0.32;8.57;9.89;0;0;0;0;115886;
RM;31984;0.54;8.65;9.92;0;0;0;0;116037;
RM;32026;1.00;8.63;9.83;0;0;0;0;116195;
RM;32067;1.35;8.66;9.88;0;0;0;0;116348;
RM;32109;1.19;8.66;9.91;0;0;0;0;116512;
RM;32150;1.13;8.69;9.88;0;0;0;0;116663;
RM;32191;0.96;8.60;9.92;0;0;0;0;116808;
RM;32236;0.18;8.66;9.88;0;0;0;0;116961;
RM;32277;1.08;8.65;9.87;0;0;0;0;117117;
RM;32319;0.80;8.66;9.91;0;0;0;0;117276;
RM;32361;1.12;8.66;9.92;0;0;0;0;117436;
RM;32402;0.55;8.60;9.84;0;0;0;0;117594;
RM;32446;1.19;8.66;9.82;0;0;0;0;117733;
RM;32488;0.96;8.66;9.86;0;0;0;0;117887;
RM;32529;0.82;8.66;9.84;0;0;0;0;118053;
RM;32571;1.15;8.71;9.91;0;0;0;0;118207;
RM;32612;0.97;8.57;10.01;0;0;0;0;118363;
RM;32657;0.08;8.66;9.97;0;0;0;0;118517;
RM;32699;0.49;8.66;9.89;0;0;0;0;118674;
RM;32740;0.37;8.66;9.88;0;0;0;0;118833;
RM;32782;0.52;8.65;9.80;0;0;0;0;118986;
RM;32823;1.00;8.57;9.83;0;0;0;0;119130;
RM;32864;0.52;8.66;9.86;0;0;0;0;119275;
RM;32909;0.59;8.66;9.94;0;0;0;0;119430;
RM;32950;0.88;8.71;9.95;0;0;0;0;119592;
RM;32992;0.72;8.66;9.96;0;0;0;0;119751;
RM;33034;0.83;8.57;9.87;0;0;0;0;119912;
RM;33078;0.53;8.66;9.85;0;0;0;0;120050;
RM;33120;0.54;8.66;9.84;0;0;0;0;120213;
RM;33161;0.45;8.66;9.87;0;0;0;0;120364;
RM;33203;0.01;8.71;9.87;0;0;0;0;120526;
RM;33245;0.36;8.60;9.88;0;0;0;0;120690;
RM;33289;0.49;8.65;9.83;0;0;0;0;120826;
RM;33331;0.27;8.71;9.96;0;0;0;0;120976;
RM;33372;0.41;8.65;9.94;0;0;0;0;121131;
RM;33414;-0.19;8.65;9.79;0;0;0;0;121286;
RM;33456;0.03;8.60;9.99;0;0;0;0;121445;
RM;33500;-0.31;8.65;9.89;0;0;0;0;121585;
RM;33543;-0.04;8.65;9.87;0;0;0;0;121754;
RM;33585;-0.04;8.66;9.83;0;0;0;0;121912;
RM;33626;0.31;8.57;9.91;0;0;0;0;122055;
RM;33670;0.32;8.65;9.89;0;0;0;0;122198;
RM;33712;0.26;8.66;9.94;0;0;0;0;122351;
RM;33753;0.11;8.65;9.91;0;0;0;0;122500;
RM;33795;-0.18;8.65;9.95;0;0;0;0;122660;
RM;33837;0.52;8.65;9.84;0;0;0;0;122816;
RM;33878;0.81;8.62;9.90;0;0;0;0;122966;
RM;33918;0.13;8.63;9.84;0;0;0;0;123119;
RM;33964;0.26;8.66;9.88;0;0;0;0;123277;
RM;34006;0.72;8.65;9.86;0;0;0;0;123432;
RM;34048;0.70;8.57;9.94;0;0;0;0;123593;
RM;34088;0.49;8.57;9.90;0;0;0;0;123742;
RM;34134;0.85;8.65;9.93;0;0;0;0;123903;
RM;34174;0.67;8.65;9.86;0;0;0;0;124064;
RM;34216;0.63;8.69;9.90;0;0;0;0;124222;
RM;34258;0.42;8.65;9.89;0;0;0;0;124378;
RM;34299;-0.02;8.60;9.88;0;0;0;0;124525;
RM;34344;-0.18;8.65;9.87;0;0;0;0;124674;
RM;34387;0.11;8.65;9.90;0;0;0;0;124843;
RM;34428;0.73;8.65;9.96;0;0;0;0;125001;
RM;34470;0.01;8.60;9.90;0;0;0;0;125155;
RM;34514;-0.04;8.65;9.83;0;0;0;0;125303;
RM;34557;0.03;8.65;9.98;0;0;0;0;125460;
RM;34598;0.10;8.65;9.87;0;0;0;0;125615;
RM;34640;0.54;8.60;9.92;0;0;0;0;125763;
RM;34684;0.78;8.65;9.92;0;0;0;0;125903;
RM;34726;0.60;8.65;9.85;0;0;0;0;126059;
RM;34767;0.45;8.65;9.96;0;0;0;0;126218;
RM;34809;0.22;8.65;9.94;0;0;0;0;126373;
RM;34851;-0.04;8.63;9.95;0;0;0;0;126531;
RM;34896;-0.52;8.65;9.87;0;0;0;0;126680;
RM;34939;0.67;8.71;9.87;0;0;0;0;126841;
RM;34980;0.65;8.65;9.84;0;0;0;0;127004;
RM;35022;0.31;8.60;9.88;0;0;0;0;127162;
RM;35066;0.43;8.69;9.88;0;0;0;0;127309;
RM;35108;0.15;8.65;9.91;0;0;0;0;127467;
RM;35149;0.13;8.65;9.91;0;0;0;0;127617;
RM;35191;-0.16;8.63;9.88;0;0;0;0;127778;
RM;35232;-0.20;8.57;9.89;0;0;0;0;127926;
RM;35277;0.08;8.65;9.86;0;0;0;0;128075;
RM;35319;0.15;8.71;9.87;0;0;0;0;128234;
RM;35360;-0.04;8.65;9.88;0;0;0;0;128397;
RM;35403;0.59;8.65;9.90;0;0;0;0;128557;
RM;35444;0.10;8.57;9.90;0;0;0;0;128709;
RM;35489;0.26;8.65;9.88;0;0;0;0;128859;
RM;35530;-0.04;8.65;9.83;0;0;0;0;129017;
RM;35573;-0.13;8.68;9.91;0;0;0;0;129177;
RM;35614;0.04;8.57;9.88;0;0;0;0;129327;
RM;35658;0.07;8.65;9.92;0;0;0;0;129473;
RM;35700;0.39;8.68;9.91;0;0;0;0;129632;
RM;35741;0.36;8.63;9.87;0;0;0;0;129793;
RM;35783;0.08;8.65;9.84;0;0;0;0;129949;
RM;35825;0.48;8.63;9.89;0;0;0;0;130105;
RM;35869;0.40;8.65;9.90;0;0;0;0;130243;
RM;35911;-0.13;8.65;9.93;0;0;0;0;130402;
RM;35953;0.39;8.63;9.89;0;0;0;0;130572;
RM;35995;0.75;8.65;9.89;0;0;0;0;130725;
RM;36036;-0.18;8.65;9.85;0;0;0;0;130882;
RM;36081;0.24;8.65;9.87;0;0;0;0;131033;
RM;36123;0.22;8.65;9.88;0;0;0;0;131194;
RM;36164;-0.39;8.65;9.86;0;0;0;0;131350;
RM;36206;0.69;8.57;9.91;0;0;0;0;131503;
RM;36250;0.64;8.65;9.96;0;0;0;0;131648;
RM;36292;-0.06;8.65;9.90;0;0;0;0;131811;
RM;36334;0.10;8.65;9.91;0;0;0;0;131979;
RM;36376;-0.42;8.65;9.85;0;0;0;0;132146;
RM;36417;-0.24;8.65;9.73;0;0;0;0;132298;
RM;36462;0.49;8.65;9.93;0;0;0;0;132449;
RM;36504;0.02;8.65;10.00;0;0;0;0;132606;
RM;36546;0.41;8.65;9.92;0;0;0;0;132767;
RM;36588;-0.50;8.65;9.83;0;0;0;0;132918;
RM;36633;-0.38;8.65;9.90;0;0;0;0;133067;
RM;36676;-0.38;8.69;9.81;0;0;0;0;133241;
RM;36718;0.61;8.65;9.93;0;0;0;0;133398;
RM;36762;0.04;8.63;9.86;0;0;0;0;133542;
RM;36804;0.04;8.65;9.97;0;0;0;0;133693;
RM;36845;0.04;8.65;9.90;0;0;0;0;133856;
RM;36887;-0.42;8.65;9.89;0;0;0;0;134011;
RM;36929;0.47;8.60;9.81;0;0;0;0;134173;
RM;36970;0.41;8.60;9.87;0;0;0;0;134324;
RM;37015;-0.10;8.65;9.86;0;0;0;0;134479;
RM;37057;-0.13;8.65;9.90;0;0;0;0;134639;
RM;37100;-0.10;8.60;9.93;0;0;0;0;134799;
RM;37145;-0.21;8.69;9.93;0;0;0;0;134950;
RM;37188;-0.10;8.65;9.91;0;0;0;0;135108;
RM;37230;0.39;8.60;9.85;0;0;0;0;135258;
RM;37274;0.80;8.65;9.84;0;0;0;0;135394;
RM;37316;-0.02;8.65;9.88;0;0;0;0;135553;
RM;37358;0.26;8.65;9.89;0;0;0;0;135714;
RM;37400;0.37;8.69;9.92;0;0;0;0;135869;
RM;37441;0.35;8.60;9.90;0;0;0;0;136016;
RM;37482;0.24;8.56;9.86;0;0;0;0;136162;
RM;37527;0.03;8.69;9.84;0;0;0;0;136315;
RM;37568;0.13;8.65;9.87;0;0;0;0;136474;
RM;37610;0.14;8.65;9.89;0;0;0;0;136636;
RM;37652;-0.44;8.60;9.94;0;0;0;0;136795;
RM;37697;-0.03;8.65;9.89;0;0;0;0;136942;
RM;37740;-0.31;8.65;9.83;0;0;0;0;137104;
RM;37782;0.03;8.56;9.83;0;0;0;0;137257;
RM;37823;-0.17;8.65;9.90;0;0;0;0;137410;
RM;37869;-0.01;8.69;9.96;0;0;0;0;137571;
RM;37911;0.01;8.65;9.92;0;0;0;0;137734;
RM;37953;0.40;8.60;9.87;0;0;0;0;137883;
RM;37994;0.08;8.63;9.77;0;0;0;0;138033;
RM;38039;0.65;8.65;9.86;0;0;0;0;138188;
RM;38080;0.59;8.65;9.92;0;0;0;0;138349;
RM;38122;-0.12;8.71;10.08;0;0;0;0;138503;
RM;38164;0.01;8.56;9.94;0;0;0;0;138663;
RM;38208;0.32;8.65;9.92;0;0;0;0;138805;
RM;38250;0.74;8.69;9.79;0;0;0;0;138967;
RM;38291;1.09;8.65;9.81;0;0;0;0;139126;
RM;38333;0.64;8.65;9.84;0;0;0;0;139278;
RM;38375;0.64;8.60;9.96;0;0;0;0;139437;
RM;38419;-0.14;8.65;9.97;0;0;0;0;139575;
RM;38462;-0.17;8.65;9.85;0;0;0;0;139744;
RM;38504;0.73;8.65;9.92;0;0;0;0;139913;
RM;38546;0.28;8.56;9.81;0;0;0;0;140065;
RM;38586;-0.12;8.56;9.87;0;0;0;0;140210;
RM;38633;-0.30;8.65;9.96;0;0;0;0;140385;
RM;38675;-0.17;8.65;10.00;0;0;0;0;140546;
RM;38716;0.27;8.65;9.88;0;0;0;0;140687;
RM;38761;0.37;8.65;9.86;0;0;0;0;140839;
RM;38802;0.34;8.65;9.80;0;0;0;0;141001;
RM;38844;0.29;8.63;9.84;0;0;0;0;141158;
RM;38885;-0.14;8.65;9.84;0;0;0;0;141324;
RM;38927;-0.37;8.60;9.99;0;0;0;0;141478;
RM;38972;0.08;8.69;9.96;0;0;0;0;141626;
RM;39014;0.03;8.63;9.93;0;0;0;0;141785;
RM;39055;-0.14;8.62;9.80;0;0;0;0;141943;
RM;39098;-0.54;8.65;9.82;0;0;0;0;142101;
RM;39143;-0.38;8.65;9.83;0;0;0;0;142256;
RM;39186;-0.46;8.65;9.94;0;0;0;0;142429;
RM;39228;0.72;8.60;9.93;0;0;0;0;142592;
RM;39272;-0.12;8.62;9.91;0;0;0;0;142737;
RM;39315;-0.10;8.65;9.86;0;0;0;0;142894;
RM;39357;0.08;8.65;9.85;0;0;0;0;143052;
RM;39399;0.31;8.56;9.88;0;0;0;0;143208;
RM;39443;0.18;8.69;9.94;0;0;0;0;143353;
RM;39485;0.24;8.63;9.90;0;0;0;0;143513;
RM;39526;-0.02;8.65;9.88;0;0;0;0;143675;
RM;39569;0.49;8.68;9.87;0;0;0;0;143837;
RM;39610;-0.06;8.60;9.85;0;0;0;0;143984;
RM;39655;0.08;8.63;9.86;0;0;0;0;144130;
RM;39697;0.07;8.69;9.95;0;0;0;0;144280;
RM;39738;0.06;8.65;9.90;0;0;0;0;144437;
RM;39780;0.12;8.56;9.91;0;0;0;0;144584;
RM;39824;0.54;8.69;9.87;0;0;0;0;144733;
RM;39866;0.18;8.65;9.90;0;0;0;0;144895;
RM;39907;-0.20;8.63;9.86;0;0;0;0;145051;
RM;39950;-0.28;8.69;9.89;0;0;0;0;145216;
RM;39991;0.11;8.60;9.88;0;0;0;0;145367;
RM;40032;-0.41;8.60;9.88;0;0;0;0;145522;
RM;40078;-0.28;8.65;9.88;0;0;0;0;145680;
RM;40120;-0.58;8.63;9.90;0;0;0;0;145851;
RM;40162;-0.23;8.56;9.90;0;0;0;0;146009;
RM;40207;0.02;8.62;9.88;0;0;0;0;146169;
RM;40249;0.16;8.65;9.88;0;0;0;0;146329;
RM;40290;0.25;8.63;9.89;0;0;0;0;146481;
RM;40332;0.18;8.60;9.88;0;0;0;0;146636;
RM;40373;0.28;8.59;9.86;0;0;0;0;146783;
RM;40418;0.12;8.63;9.87;0;0;0;0;146938;
RM;40459;0.38;8.63;9.87;0;0;0;0;147099;
RM;40501;0.67;8.63;9.92;0;0;0;0;147259;
RM;40543;0.92;8.63;9.91;0;0;0;0;147415;
RM;40584;0.10;8.60;9.91;0;0;0;0;147566;
RM;40628;0.15;8.63;9.87;0;0;0;0;147712;
RM;40670;0.28;8.62;9.88;0;0;0;0;147871;
RM;40711;-0.36;8.65;9.88;0;0;0;0;148029;
RM;40754;0.17;8.56;9.86;0;0;0;0;148192;
RM;40798;0.36;8.63;9.88;0;0;0;0;148342;
RM;40840;0.41;8.65;9.91;0;0;0;0;148502;
RM;40881;0.05;8.63;9.88;0;0;0;0;148656;
RM;40923;-0.08;8.63;9.88;0;0;0;0;148804;
RM;40965;0.55;8.60;9.86;0;0;0;0;148962;
RM;41009;-0.05;8.63;9.91;0;0;0;0;149103;
RM;41052;0.20;8.63;9.86;0;0;0;0;149275;
RM;41093;0.12;8.63;9.86;0;0;0;0;149430;
RM;41135;0.12;8.62;9.87;0;0;0;0;149583;
RM;41176;0.78;8.66;9.90;0;0;0;0;149730;
RM;41220;0.33;8.63;9.90;0;0;0;0;149872;
RM;41262;0.31;8.63;9.91;0;0;0;0;150027;
RM;41303;0.17;8.63;9.91;0;0;0;0;150189;
RM;41345;0.59;8.63;9.88;0;0;0;0;150344;
RM;41387;-0.08;8.60;9.85;0;0;0;0;150501;
RM;41432;0.01;8.66;9.86;0;0;0;0;150650;
RM;41474;-0.10;8.63;9.80;0;0;0;0;150811;
RM;41516;0.37;8.63;9.92;0;0;0;0;150974;
RM;41558;0.73;8.60;9.91;0;0;0;0;151121;
RM;41598;0.78;8.63;9.95;0;0;0;0;151274;
RM;41644;0.37;8.63;9.90;0;0;0;0;151432;
RM;41684;0.60;8.68;9.88;0;0;0;0;151590;
RM;41726;0.49;8.62;9.86;0;0;0;0;151751;
RM;41768;0.46;8.62;9.90;0;0;0;0;151902;
RM;41812;0.18;8.69;9.92;0;0;0;0;152041;
RM;41854;0.40;8.63;9.88;0;0;0;0;152204;
RM;41895;0.61;8.63;9.85;0;0;0;0;152360;
RM;41937;0.37;8.63;9.84;0;0;0;0;152512;
RM;41979;0.23;8.56;9.91;0;0;0;0;152663;
RM;42023;0.36;8.63;9.92;0;0;0;0;152808;
RM;42065;0.23;8.69;9.92;0;0;0;0;152969;
RM;42106;0.27;8.63;9.88;0;0;0;0;153131;
RM;42148;0.68;8.63;9.89;0;0;0;0;153291;
RM;42189;0.61;8.63;9.81;0;0;0;0;153451;
RM;42230;0.19;8.60;9.87;0;0;0;0;153594;
RM;42274;-0.55;8.63;58.70;0;0;0;0;153744;
RM;42318;0.77;8.68;59.30;0;0;0;0;153922;
RM;42360;1.64;8.60;52.01;0;0;0;0;154076;
RM;42405;1.90;8.63;51.44;0;0;0;0;154225;
RM;42448;3.12;8.63;52.13;1;0;0;0;154386;
RM;42490;3.45;8.63;52.82;1;0;0;0;154553;
RM;42531;4.36;8.59;41.96;1;0;0;0;154700;
RM;42576;3.72;8.63;35.96;1;0;0;0;154854;
RM;42619;4.00;8.62;31.00;1;0;0;0;155026;
RM;42661;4.22;8.68;26.47;1;0;0;0;155194;
RM;42702;5.35;8.62;20.27;1;0;0;0;155343;
RM;42747;5.70;8.62;14.39;1;0;0;0;155494;
RM;42790;6.34;8.68;8.28;1;0;0;0;155657;
RM;42831;7.34;8.65;4.05;1;0;0;0;155808;
RM;42872;7.32;8.59;2.55;1;0;0;0;155946;
RM;42916;8.31;8.69;2.33;1;0;0;0;156088;
RM;42958;8.69;8.65;1.84;1;0;0;0;156247;
RM;42999;9.06;8.65;1.31;1;0;0;0;156409;
RM;43041;8.99;8.68;0.88;1;0;0;0;156570;
RM;43083;10.70;8.60;0.53;1;0;0;0;156722;
RM;43128;10.33;8.63;0.39;1;0;0;0;156872;
RM;43171;11.06;8.63;0.34;1;0;0;0;157037;
RM;43213;11.72;8.65;0.40;1;0;0;0;157202;
RM;43254;12.70;8.59;0.56;1;0;0;0;157351;
RM;43299;12.81;8.65;0.73;1;0;0;0;157504;
RM;43342;13.47;8.65;0.84;1;0;0;0;157668;
RM;43384;13.69;8.60;0.80;1;0;0;0;157829;
RM;43429;13.79;8.65;0.69;1;0;0;0;157978;
RM;43472;14.55;8.65;0.48;1;0;0;0;158144;
RM;43514;14.59;8.65;0.28;1;0;0;0;158307;
RM;43555;15.51;8.56;0.27;1;0;0;0;158454;
RM;43600;15.47;8.65;0.32;1;0;0;0;158606;
RM;43643;15.63;8.65;0.32;1;0;0;0;158769;
RM;43685;15.27;8.65;0.32;1;0;0;0;158932;
RM;43726;15.39;8.68;0.35;1;0;0;0;159074;
RM;43771;16.22;8.62;0.38;1;0;0;0;159226;
RM;43814;16.83;8.65;0.39;1;0;0;0;159395;
RM;43856;16.44;8.59;0.36;1;0;0;0;159555;
RM;43901;16.65;8.65;0.31;1;0;0;0;159707;
RM;43944;16.60;8.65;0.24;1;0;0;0;159876;
RM;43986;16.77;8.65;0.17;1;0;0;0;160030;
RM;44027;17.04;8.60;0.11;1;0;0;0;160181;
RM;44072;17.14;8.69;0.05;1;0;0;0;160330;
RM;44115;17.54;8.63;0.02;1;0;0;0;160499;
RM;44157;16.63;8.65;0.06;1;0;0;0;160671;
RM;44198;17.59;8.57;0.10;1;0;0;0;160811;
RM;44243;17.89;8.65;0.14;1;0;0;0;160968;
RM;44286;17.49;8.65;0.17;1;0;0;0;161130;
RM;44328;17.69;8.63;0.22;1;0;0;0;161283;
RM;44374;17.81;8.65;0.24;1;0;0;0;161433;
RM;44417;17.28;8.69;0.28;1;0;0;0;161596;
RM;44459;17.46;8.60;0.32;1;0;0;0;161748;
RM;44504;17.57;8.63;0.37;1;0;0;0;161896;
RM;44547;17.43;8.65;0.42;1;0;0;0;162069;
RM;44589;17.45;8.59;0.50;1;0;0;0;162229;
RM;44634;17.16;8.68;0.56;1;0;0;0;162381;
RM;44677;17.10;8.65;0.63;1;0;0;0;162546;
RM;44719;16.90;8.65;0.71;1;0;0;0;162710;
RM;44760;16.88;8.59;0.85;1;0;0;0;162857;
RM;44805;16.88;8.65;0.98;1;0;0;0;163003;
RM;44848;16.92;8.65;1.10;1;0;0;0;163174;
RM;44890;16.18;8.56;1.24;1;0;0;0;163344;
RM;44935;16.40;8.62;1.40;1;0;0;0;163495;
RM;44978;16.62;8.69;1.57;1;0;0;0;163660;
RM;45020;16.32;8.62;1.75;1;0;0;0;163823;
RM;45061;15.81;8.59;1.86;1;0;0;0;163972;
RM;45106;15.70;8.65;1.89;1;0;0;0;164127;
RM;45149;14.96;8.62;1.94;1;0;0;0;164293;
RM;45191;15.18;8.60;1.97;1;1;1;0;164455;
RM;45232;14.96;8.57;1.96;1;1;1;0;164603;
RM;45277;14.26;8.60;1.87;1;1;1;0;164754;
RM;45320;13.76;7.17;1.64;1;1;1;0;164922;
RM;45362;11.86;8.50;1.73;1;1;1;0;165087;
RM;45407;12.69;8.69;1.06;1;1;1;0;165240;
RM;45450;12.78;8.57;2.01;1;1;1;0;165410;
RM;45492;12.23;8.24;1.94;1;1;1;0;165571;
RM;45533;11.52;8.56;2.05;1;1;1;0;165716;
RM;45578;11.46;8.56;2.56;1;1;1;0;165866;
RM;45621;11.05;8.43;2.72;1;1;1;0;166031;
RM;45663;10.29;8.55;2.43;1;1;1;0;166204;
RM;45704;10.17;8.50;2.00;1;1;1;0;166346;
RM;45749;9.23;8.60;1.69;1;1;1;0;166501;
RM;45791;8.55;8.68;1.52;1;1;1;0;166664;
RM;45832;8.19;8.60;1.24;1;1;1;0;166825;
RM;45874;7.46;8.57;1.21;1;1;1;0;166987;
RM;45918;6.91;8.68;1.62;1;1;1;0;167130;
RM;45960;6.63;8.62;1.88;1;1;1;0;167295;
RM;46001;6.71;8.62;2.90;1;1;1;0;167456;
RM;46043;5.00;8.59;3.56;1;1;1;0;167619;
RM;46085;4.04;8.57;4.28;1;1;1;0;167774;
RM;46129;4.09;8.62;6.10;1;1;1;0;167920;
RM;46171;3.19;8.68;6.70;1;1;1;0;168084;
RM;46212;3.02;8.62;5.53;1;1;1;0;168230;
RM;46254;2.38;8.62;6.27;1;1;1;0;168387;
RM;46295;2.00;8.62;7.16;1;1;1;0;168541;
RM;46336;0.59;8.57;8.44;1;1;1;0;168688;
RM;46376;-0.40;8.57;11.49;1;1;1;0;168847;
RM;46424;-0.86;8.55;12.93;1;1;1;0;169027;
RM;46466;-1.04;8.46;55.70;1;1;1;1;169200;
RM;46512;-2.04;8.56;33.63;1;1;1;1;169359;
RM;46556;-2.85;8.53;22.93;1;1;1;1;169529;
RM;1;169839;
RM;46686;-2.12;8.57;17.84;1;1;1;1;170019;
RM;46728;-1.94;8.62;38.04;1;1;1;1;170181;
RM;46774;-1.24;8.56;21.17;1RM;46818;-1.47;8.1.69;8.56;14.17;1;1;1;1;170656;
RM;46908;-0.84;8.53;3.42;1;1;1;1;170824;
RM;46953;-1.26;8.57;16.89;1;1;1;1;170975;
RM;46997;-1.04;8.57;15.50;1;1;1;1;171145;
RM;47039;-1.55;8.55;10.82;1;1;1;1;171297;
RM;47085;-1.24;8.57;9.04;1;1;1;1;171453;
RM;47128;-1.79;8.57;9.98;1;1;1;1;171617;
RM;47169;-1.43;8.57;9.90;1;1;1;1;171759;
RM;47214;-1.38;8.57;9.86;1;1;1;1;171908;
RM;47257;-1.66;8.65;9.85;1;1;1;1;172070;
RM;47299;-1.78;8.59;10.06;1;1;1;1;172243;
RM;47340;-1.26;8.55;9.84;1;1;1;1;172389;
RM;47386;-1.18;8.59;9.87;1;1;1;1;172547;
RM;47428;-1.55;8.57;9.85;1;1;1;1;172713;
RM;47470;-1.56;8.65;9.85;1;1;1;1;172864;
RM;47515;-0.97;8.59;9.85;1;1;1;1;173010;
RM;47558;-1.61;8.59;9.85;1;1;1;1;173179;
RM;47600;-0.92;8.68;9.86;1;1;1;1;173343;
RM;47641;-1.66;8.55;9.86;1;1;1;1;173485;
RM;47686;-1.50;8.59;9.85;1;1;1;1;173630;
RM;47729;-1.10;8.57;9.86;1;1;1;1;173796;
RM;47771;-1.56;8.57;9.85;1;1;1;1;173963;
RM;47812;-0.70;8.55;9.85;1;1;1;1;174115;
RM;47857;-1.20;8.59;9.85;1;1;1;1;174259;
RM;47900;-1.56;8.59;9.86;1;1;1;1;174420;
RM;47942;-1.46;8.50;9.85;1;1;1;1;174577;
RM;47987;-1.29;8.59;9.85;1;1;1;1;174731;
RM;48030;-2.44;8.59;9.85;1;1;1;1;174896;
RM;48072;-1.07;8.59;9.85;1;1;1;1;175061;
RM;48113;-1.06;8.55;9.85;1;1;1;1;175203;
RM;48158;-1.82;8.59;9.86;1;1;1;1;175357;
RM;48201;-1.13;8.59;9.86;1;1;1;1;175529;
RM;48243;-1.24;8.56;9.86;1;1;1;1;175704;
RM;48284;-1.26;8.65;9.86;1;1;1;1;175857;
RM;48329;-1.40;8.59;9.85;1;1;1;1;176010;
RM;48372;-1.24;8.59;9.85;1;1;1;1;176182;
RM;48414;-1.72;8.55;9.86;1;1;1;1;176342;
RM;48459;-1.53;8.59;9.86;1;1;1;1;176496;
RM;48502;-1.52;8.59;9.85;1;1;1;1;176665;
RM;48544;-1.56;8.55;9.89;1;1;1;1;176826;
RM;48589;-1.62;8.57;9.85;1;1;1;1;176979;
RM;48632;-1.06;8.59;9.86;1;1;1;1;177153;
RM;48674;-1.01;8.59;9.85;1;1;1;1;177321;
RM;48715;-1.82;8.55;9.85;1;1;1;1;177464;
RM;48760;-1.15;8.59;9.86;1;1;1;1;177614;
RM;48803;-0.99;8.59;9.86;1;1;1;1;177782;
RM;48845;-1.64;8.59;9.86;1;1;1;1;177945;
RM;48886;-1.87;8.55;9.85;1;1;1;1;178092;
RM;48931;-1.81;8.59;9.85;1;1;1;1;178251;
RM;48974;-1.26;8.68;9.85;1;1;1;1;178409;
RM;49016;-1.16;8.56;9.86;1;1;1;1;178569;
RM;49061;-1.80;8.59;9.86;1;1;1;1;178720;
RM;49104;-1.54;8.59;9.86;1;1;1;1;178885;
RM;49146;-1.03;8.59;9.86;1;1;1;1;179058;
RM;49187;-1.31;8.62;9.85;1;1;1;1;179216;
RM;49232;-0.88;8.59;9.85;1;1;1;1;179374;
RM;49275;-1.29;8.59;9.85;1;1;1;1;179530;
RM;49317;-1.89;8.68;9.86;1;1;1;1;179691;
RM;49358;-2.11;8.55;9.86;1;1;1;1;179831;
RM;49403;-1.17;8.59;9.85;1;1;1;1;179980;
RM;49446;-1.29;8.59;9.86;1;1;1;1;180150;
RM;49488;-1.41;8.55;9.87;1;1;1;1;180320;
RM;49533;-1.16;8.59;9.86;1;1;1;1;180471;
RM;49576;-1.09;8.59;9.85;1;1;1;1;180643;
RM;49618;-1.66;8.59;9.86;1;1;1;1;180802;
RM;49659;-1.34;8.74;9.86;1;1;1;1;180944;
RM;49704;-1.01;8.59;9.85;1;1;1;1;181092;
RM;49747;-0.95;8.59;9.85;1;1;1;1;181259;
RM;49789;-1.58;8.59;9.86;1;1;1;1;181422;
RM;49830;-1.70;8.55;9.86;1;1;1;1;181562;
RM;49875;-1.12;8.59;9.85;1;1;1;1;181708;
RM;49918;-1.52;8.57;9.85;1;1;1;1;181874;
RM;49960;-1.48;8.55;9.85;1;1;1;1;182019;
RM;50006;-0.99;8.68;9.85;1;1;1;1;182176;
RM;50049;-1.45;8.59;9.85;1;1;1;1;182337;
RM;50091;-1.30;8.50;9.85;1;1;1;1;182488;
RM;50136;-1.35;8.59;9.85;1;1;1;1;182635;
RM;50179;-1.39;8.57;9.85;1;1;1;1;182801;
RM;50221;-1.58;8.55;9.85;1;1;1;1;182956;
RM;50266;-1.30;8.59;9.86;1;1;1;1;183102;
RM;50309;-1.20;8.59;9.85;1;1;1;1;183264;
RM;50351;-1.53;8.59;9.85;1;1;1;1;183437;
RM;50392;-1.08;8.55;9.85;1;1;1;1;183581;
RM;50437;-0.90;8.59;9.84;1;1;1;1;183734;
RM;50480;-0.60;8.56;9.86;1;1;1;1;183900;
RM;50522;-2.08;8.55;9.86;1;1;1;1;184061;
RM;50567;-1.14;8.59;9.85;1;1;1;1;184212;
RM;50610;-1.89;8.59;9.86;1;1;1;1;184375;
RM;50652;-1.84;8.59;9.85;1;1;1;1;184531;
RM;50693;-1.42;8.55;9.86;1;1;1;1;184673;
RM;50738;-1.42;8.59;9.85;1;1;1;1;184829;
RM;50781;-1.22;8.59;9.85;1;1;1;1;185000;
RM;50823;-1.25;8.57;9.85;1;1;1;1;185167;
RM;50864;-1.03;8.56;9.86;1;1;1;1;185320;
RM;50909;-0.40;8.68;9.84;1;1;1;1;185466;
RM;50952;-1.32;8.59;9.85;1;1;1;1;185636;
RM;50994;-1.46;8.55;9.85;1;1;1;1;185798;
RM;51039;-1.33;8.59;9.86;1;1;1;1;185954;
RM;51082;-1.51;8.59;9.86;1;1;1;1;186126;
RM;51124;-1.26;8.59;9.86;1;1;1;1;186297;
RM;51165;-0.97;8.55;9.86;1;1;1;1;186453;
RM;51210;-0.97;8.59;9.85;1;1;1;1;186602;
RM;51253;-1.96;8.68;9.86;1;1;1;1;186770;
RM;51295;-1.74;8.59;9.86;1;1;1;1;186928;
RM;51336;-0.83;8.55;9.86;1;1;1;1;187075;
RM;51381;-0.60;8.59;9.85;1;1;1;1;187226;
RM;51424;-1.25;8.59;9.85;1;1;1;1;187398;
RM;51466;-1.56;8.55;9.85;1;1;1;1;187552;
RM;51511;-1.45;8.59;9.85;1;1;1;1;187710;
RM;51554;-2.21;8.59;9.85;1;1;1;1;187875;
RM;51596;-0.79;8.55;9.86;1;1;1;1;188029;
RM;51641;-0.61;8.59;9.85;1;1;1;1;188188;
RM;51684;-1.69;8.59;9.85;1;1;1;1;188361;
RM;51726;-1.69;8.59;9.85;1;1;1;1;188522;
RM;51767;-1.92;8.55;9.87;1;1;1;1;188668;
RM;51812;-1.56;8.59;9.86;1;1;1;1;188819;
RM;51855;-0.91;8.59;9.86;1;1;1;1;188984;
RM;51897;-1.22;8.59;9.85;1;1;1;1;189147;
RM;51938;-1.57;8.65;9.85;1;1;1;1;189291;
RM;51983;-1.94;8.59;9.85;1;1;1;1;189451;
RM;52026;-1.73;8.59;9.85;1;1;1;1;189622;
RM;52068;-1.55;8.55;9.85;1;1;1;1;189782;
RM;52113;-1.37;8.59;9.86;1;1;1;1;189930;
RM;52156;-1.90;8.59;9.85;1;1;1;1;190103;
RM;52198;-1.47;8.59;9.86;1;1;1;1;190264;
RM;52239;-1.52;8.55;9.85;1;1;1;1;190412;
RM;52284;-1.82;8.68;9.85;1;1;1;1;190559;
RM;52327;-1.53;8.57;9.86;1;1;1;1;190735;
RM;52369;-1.79;8.59;9.85;1;1;1;1;190898;
RM;52410;-1.52;8.55;9.86;1;1;1;1;191044;
RM;52455;-2.52;8.59;9.85;1;1;1;1;191193;
RM;52498;-1.52;8.59;9.86;1;1;1;1;191360;
RM;52540;-1.18;8.55;9.86;1;1;1;1;191518;
RM;52585;-1.52;8.59;9.86;1;1;1;1;191668;
RM;52628;-1.47;8.68;9.85;1;1;1;1;191835;
RM;52670;-1.70;8.57;9.86;1;1;1;1;192011;
RM;52711;-1.69;8.55;9.85;1;1;1;1;192150;
RM;52756;-1.81;8.59;9.85;1;1;1;1;192299;
RM;52799;-1.64;8.59;9.85;1;1;1;1;192459;
RM;52841;-1.24;8.59;9.86;1;1;1;1;192616;
RM;52882;-2.05;8.55;9.85;1;1;1;1;192762;
RM;52927;-1.70;8.59;9.86;1;1;1;1;192909;
RM;52970;-1.60;8.59;9.86;1;1;1;1;193074;
RM;53012;-1.08;8.55;9.85;1;1;1;1;193239;
RM;53057;-1.45;8.59;9.85;1;1;1;1;193390;
RM;53100;-0.96;8.59;9.85;1;1;1;1;193557;
RM;53142;-1.52;8.55;9.86;1;1;1;1;193712;
RM;53187;-1.94;8.68;9.86;1;1;1;1;193862;
RM;53230;-1.64;8.59;9.86;1;1;1;1;194034;
RM;53272;-1.75;8.59;9.86;1;1;1;1;194203;
RM;53313;-1.51;8.52;9.86;1;1;1;1;194348;
RM;53358;-1.98;8.56;9.86;1;1;1;1;194501;
RM;53401;-1.59;8.56;9.85;1;1;1;1;194666;
RM;53443;-1.54;8.59;9.85;1;1;1;1;194828;
RM;53484;-1.98;8.55;9.86;1;1;1;1;194970;
RM;53529;-1.02;8.59;9.86;1;1;1;1;195118;
RM;53572;-0.79;8.57;9.86;1;1;1;1;195293;
RM;53614;-2.22;8.55;9.86;1;1;1;1;195450;
RM;53659;-1.60;8.66;9.86;1;1;1;1;195603;
RM;53702;-1.83;8.59;9.85;1;1;1;1;195770;
RM;53744;-1.75;8.57;9.85;1;1;1;1;195940;
RM;53785;-1.47;8.55;9.86;1;1;1;1;196089;
RM;53830;-1.29;8.59;9.86;1;1;1;1;196235;
RM;53873;-1.26;8.59;9.86;1;1;1;1;196408;
RM;53915;-1.37;8.59;9.86;1;1;1;1;196578;
RM;53956;-1.22;8.55;9.85;1;1;1;1;196729;
RM;54001;-0.92;8.68;9.86;1;1;1;1;196885;
RM;54044;-0.80;8.59;9.86;1;1;1;1;197042;
RM;54086;-1.60;8.55;9.85;1;1;1;1;197204;
RM;54131;-1.85;8.59;9.86;1;1;1;1;197352;
RM;54174;-1.62;8.59;9.86;1;1;1;1;197518;
RM;54216;-2.02;8.59;9.86;1;1;1;1;197690;
RM;54257;-1.13;8.55;9.85;1;1;1;1;197838;
RM;54302;-0.91;8.59;9.85;1;1;1;1;197998;
RM;54345;-2.02;8.68;9.85;1;1;1;1;198161;
RM;54387;-1.37;8.59;9.85;1;1;1;1;198330;
RM;54428;-1.29;8.55;9.86;1;1;1;1;198477;
RM;54473;-1.12;8.59;9.86;1;1;1;1;198624;
RM;54516;-1.22;8.59;9.85;1;1;1;1;198791;
RM;54558;-1.21;8.65;9.86;1;1;1;1;198953;
RM;54603;-1.50;8.59;9.85;1;1;1;1;199105;
RM;54646;-2.25;8.56;9.85;1;1;1;1;199268;
RM;54688;-0.77;8.55;9.85;1;1;1;1;199425;
RM;54733;-1.44;8.59;9.86;1;1;1;1;199572;
RM;54776;-1.87;8.59;9.85;1;1;1;1;199733;
RM;54818;-1.69;8.59;9.85;1;1;1;1;199903;
RM;54859;-1.80;8.55;9.85;1;1;1;1;200056;
RM;54904;-1.26;8.59;9.86;1;1;1;1;200206;
RM;54947;-1.36;8.59;9.85;1;1;1;1;200367;
RM;54989;-1.57;8.59;9.85;1;1;1;1;200528;
RM;55030;-1.73;8.63;9.86;1;1;1;1;200674;
RM;55075;-2.24;8.59;9.85;1;1;1;1;200821;
RM;55118;-1.71;8.59;9.85;1;1;1;1;200991;
RM;55160;-1.29;8.55;9.86;1;1;1;1;201158;
RM;55205;-1.06;8.59;9.85;1;1;1;1;201316;
RM;55248;-1.68;8.56;9.85;1;1;1;1;201480;
RM;55290;-1.44;8.59;9.85;1;1;1;1;201640;
RM;55331;-1.59;8.55;9.86;1;1;1;1;201792;
RM;55376;-1.93;8.68;9.86;1;1;1;1;201936;
RM;55419;-0.89;8.56;9.85;1;1;1;1;202102;
RM;55461;-0.95;8.59;9.85;1;1;1;1;202263;
RM;55502;-1.41;8.55;9.86;1;1;1;1;202406;
RM;55547;-2.16;8.59;9.84;1;1;1;1;202555;
RM;55590;-1.47;8.59;9.85;1;1;1;1;202724;
RM;55632;-1.03;8.55;9.85;1;1;1;1;202880;
RM;55677;-1.34;8.59;9.85;1;1;1;1;203033;
RM;55720;-1.13;8.68;9.86;1;1;1;1;203198;
RM;55762;-1.45;8.59;9.86;1;1;1;1;203364;
RM;55803;-1.12;8.55;9.87;1;1;1;1;203510;
RM;55848;-1.35;8.59;9.86;1;1;1;1;203663;
RM;55891;-1.63;8.56;9.85;1;1;1;1;203834;
RM;55933;-1.48;8.59;9.86;1;1;1;1;203993;
RM;55974;-1.63;8.55;9.86;1;1;1;1;204143;
RM;5686;1;1;1;1;204286;
RM;56062;-1.53;8.68;9.85;1;1;1;1;2;-1.23;8.55;9.85;1;1;1;1;204614;
RM;56150;-0.80;8.57;9.86;1;1;1;1;204773;
RM;56193;-0.90;8.59;9.85;1;1;1;1;204935;
RM;56235;-1.65;8.56;9.85;1;1;1;1;205092;
RM;56280;-1.42;8.68;9.86;1;1;1;1;205244;
RM;56323;-1.30;8.56;9.86;1;1;1;1;205410;
RM;56365;-1.16;8.55;9.86;1;1;1;1;205574;
RM;56410;-1.29;8.57;9.85;1;1;1;1;205727;
RM;56453;-1.19;8.59;9.85;1;1;1;1;205903;
RM;56495;-1.59;8.59;9.86;1;1;1;1;206064;
RM;56536;-1.19;8.56;9.86;1;1;1;1;206204;
RM;56581;-1.69;8.59;9.85;1;1;1;1;206358;
RM;56624;-0.80;8.68;9.85;1;1;1;1;206528;
RM;56666;-1.07;8.55;9.85;1;1;1;1;206687;
RM;56711;-1.36;8.59;9.86;1;1;1;1;206836;
RM;56754;-1.55;8.59;9.85;1;1;1;1;207008;
RM;56796;-1.43;8.56;9.85;1;1;1;1;207184;
RM;56837;-0.80;8.66;9.85;1;1;1;1;207325;
RM;56882;-1.12;8.59;9.86;1;1;1;1;207479;
RM;56925;-0.86;8.59;9.83;1;1;1;1;207645;
RM;56967;-1.55;8.68;9.87;1;1;1;1;207817;
RM;57008;-1.92;8.55;9.86;1;1;1;1;207964;
RM;57053;-1.06;8.56;9.86;1;1;1;1;208114;
RM;57096;-1.03;8.57;9.86;1;1;1;1;208281;
RM;57138;-1.33;8.55;9.85;1;1;1;1;208435;
RM;57183;-1.18;8.56;9.85;1;1;1;1;208592;
RM;57226;-1.63;8.56;9.86;1;1;1;1;208755;
RM;57268;-1.51;8.56;9.86;1;1;1;1;208919;
RM;57309;-1.11;8.62;9.86;1;1;1;1;209064;
RM;57354;-1.14;8.57;9.85;1;1;1;1;209215;
RM;57397;-1.26;8.57;9.86;1;1;1;1;209384;
RM;57439;-1.62;8.59;9.88;1;1;1;1;209546;
RM;57480;-2.21;8.56;9.86;1;1;1;1;209698;
RM;57525;-1.42;8.56;9.86;1;1;1;1;209848;
RM;57568;-0.84;8.59;9.86;1;1;1;1;210018;
RM;57610;-1.74;8.55;9.86;1;1;1;1;210187;
RM;57655;-1.22;8.65;9.86;1;1;1;1;210338;
RM;57698;-1.23;8.56;9.86;1;1;1;1;210507;
RM;57740;-1.33;8.55;9.85;1;1;1;1;210671;
RM;57785;-0.96;8.57;9.85;1;1;1;1;210826;
RM;57828;-0.73;8.59;9.86;1;1;1;1;210994;
RM;57870;-1.47;8.57;9.86;1;1;1;1;211157;
RM;57911;-1.70;8.55;9.86;1;1;1;1;211307;
RM;57956;-1.35;8.57;9.86;1;1;1;1;211454;
RM;57999;-1.26;8.65;9.85;1;1;1;1;211625;
RM;58041;-0.78;8.59;9.85;1;1;1;1;211796;
RM;58082;-0.87;8.55;9.85;1;1;1;1;211935;
RM;58127;-1.56;8.59;9.86;1;1;1;1;212089;
RM;5817RM;58212;-1.75;81.52;8.57;9.85;1;1;1;1;212560;
RM;58300;-0.96;8.59;9;58428;-1.06;8.57RM;58900;-1.44;8.5262;
RM;59032;-1.36;8.59;10.76;1;1;1;1;215417;
RM;59076;-1.21;8.55;578;
RM;59122;-1.265;-1.49;8.59;9.96;1;1;1;1;215894;
RM;59515;-1.16;8.7168;
RM;59557;-1.51;8.57;10.09;1;1688;-1.03;8.55;10.59;1;1;1;1;217820;
RM;59735;-1.43;8.68;10.57;1;1;1;1;217975;
RM;59778;-1.33;8.55;10.86;1;1;1;1;218142;1;1;1;1;218486;
RM;59909;-1.94;8.55;9.82;1;1;1;1;218634;
RM;59954;-1.03;8.59;10.06;1;1;1;1;218795;
RM;59998;-1.36;8.55;10.97;1;1;1;1;218976;
RM;60040;-0.56;8.63;9.95;1;1;1;1;219131;
RM;60085;-0.82;8.57;9.17;1;1;1;1;219280;
RM;60128;-0.59;8.57;9.04;1;1;1;1;219446;
RM;60170;-1.33;8.55;8.68;1;1;1;1;219608;
RM;60215;-1.49;8.59;7.74;1;1;1;1;219762;
RM;60258;-0.97;8.57;7.98;1;1;1;1;219941;
RM;60300;-0.44;8.56;7.71;1;1;1;1;220106;
RM;60345;-0.94;8.57;8.43;1;1;1;1;220263;
RM;60388;-0.93;8.59;9.23;1;1;1;1;220427;
RM;60430;-0.65;8.56;9.26;1;1;1;1;220594;
RM;60471;-0.47;8.55;9.49;1;1;1;1;220744;
RM;60516;-0.07;8.57;10.17;1;1;1;1;220896;
RM;60560;-0.32;8.57;10.49;1;1;1;1;221074;
RM;60602;-0.68;8.56;10.42;1;1;1;1;221231;
RM;60648;-1.04;8.57;10.31;1;1;1;1;221388;
RM;60692;-0.66;8.55;9.55;1;1;1;1;221553;
RM;60737;-0.28;8.56;8.98;1;1;1;1;221710;
