230422-164612
RM;1506;0.49;0.32;7.96;0.00;0;0;0;0;0;99771.73;28.62;31;
RM;1528;0.31;0.32;7.83;0.00;0;0;0;0;19;99773.87;28.62;31;
RM;1548;0.86;0.40;7.83;0.00;0;0;0;0;15;99767.31;28.60;62;
RM;1568;1.03;0.50;7.83;0.00;0;0;0;0;15;99765.30;28.60;62;
RM;1588;1.03;0.60;7.83;0.00;0;0;0;0;16;99765.30;28.60;93;
RM;1608;0.49;0.58;7.81;0.00;0;0;0;0;15;99771.73;28.62;93;
RM;1644;0.73;0.60;7.80;0.00;0;0;0;0;34;99768.82;28.61;124;
RM;1664;1.08;0.67;7.81;0.00;0;0;0;0;14;99764.68;28.61;124;
RM;1684;0.53;0.65;7.81;0.00;0;0;0;0;15;99771.21;28.63;155;
RM;1861;0.10;0.57;7.90;0.00;0;0;0;0;175;99776.37;28.66;186;
RM;1881;0.27;0.53;7.90;0.00;0;0;0;0;15;99774.25;28.65;186;
RM;1901;1.13;0.62;7.81;0.00;0;0;0;0;15;99764.20;28.62;217;
RM;1921;0.77;0.64;7.81;0.00;0;0;0;0;15;99768.34;28.62;217;
RM;1941;0.70;0.65;7.80;0.00;0;0;0;0;15;99769.22;28.64;248;
RM;1961;0.58;0.64;7.80;0.00;0;0;0;0;15;99770.59;28.64;248;
RM;1981;0.04;0.57;7.80;0.00;0;0;0;0;15;99777.02;28.65;279;
RM;2001;0.10;0.50;7.80;0.00;0;0;0;0;15;99776.37;28.66;279;
RM;2021;0.29;0.47;7.80;0.00;0;0;0;0;16;99774.13;28.64;310;
RM;2197;0.48;0.47;7.89;0.00;0;0;0;0;174;99771.88;28.68;341;
RM;2217;-0.29;0.38;7.89;0.00;0;0;0;0;15;99780.82;28.68;341;
RM;2237;0.57;0.41;7.90;0.00;0;0;0;0;15;99770.73;28.65;373;
RM;2257;0.39;0.41;7.80;0.00;0;0;0;0;15;99772.87;28.65;373;
RM;2277;0.74;0.45;7.78;0.00;0;0;0;0;16;99768.72;28.65;404;
RM;2297;0.25;0.42;7.80;0.00;0;0;0;0;15;99774.52;28.67;404;
RM;2317;0.49;0.43;7.78;0.00;0;0;0;0;16;99771.77;28.67;435;
RM;2337;0.26;0.41;7.77;0.00;0;0;0;0;15;99774.38;28.66;435;
RM;2491;-0.19;0.35;7.86;0.00;0;0;0;0;152;99779.68;28.70;467;
RM;2511;-0.07;0.30;7.78;0.00;0;0;0;0;15;99778.30;28.70;467;
RM;2531;0.37;0.31;7.77;0.00;0;0;0;0;16;99773.14;28.67;499;
RM;2567;0.25;0.30;7.87;0.00;0;0;0;0;34;99774.52;28.67;530;
RM;2587;0.55;0.33;7.75;0.00;0;0;0;0;15;99771.00;28.67;530;
RM;2616;0.49;0.34;7.72;0.00;0;0;0;0;26;99771.77;28.67;561;
RM;2636;0.77;0.39;7.77;0.00;0;0;0;0;15;99768.38;28.68;561;
RM;2656;0.01;0.35;7.89;0.00;0;0;0;0;16;99777.41;28.68;592;
RM;2676;0.30;0.34;7.78;0.00;0;0;0;0;15;99774.01;28.69;592;
RM;2699;-0.05;0.30;7.75;0.00;0;0;0;0;21;99778.05;28.68;624;
RM;2723;-0.01;0.26;7.75;0.00;0;0;0;0;20;99777.54;28.69;624;
RM;2743;-0.13;0.22;7.77;0.00;0;0;0;0;16;99778.92;28.69;656;
RM;2763;0.47;0.25;7.86;0.00;0;0;0;0;15;99772.02;28.69;656;
RM;2783;-0.14;0.20;7.86;0.00;0;0;0;0;16;99779.06;28.70;687;
RM;2803;0.05;0.18;7.78;0.00;0;0;0;0;15;99776.92;28.70;687;
RM;2823;0.40;0.21;7.77;0.00;0;0;0;0;16;99772.77;28.70;718;
RM;2843;0.75;0.27;7.77;0.00;0;0;0;0;15;99768.62;28.70;718;
RM;2863;-0.17;0.21;7.77;0.00;0;0;0;0;16;99779.46;28.73;749;
RM;2886;0.45;0.25;7.75;0.00;0;0;0;0;21;99772.14;28.70;749;
RM;2906;-0.08;0.20;7.74;0.00;0;0;0;0;15;99778.45;28.71;780;
RM;2926;0.09;0.19;7.74;0.00;0;0;0;0;15;99776.44;28.71;780;
RM;2946;0.45;0.22;7.86;0.00;0;0;0;0;16;99772.14;28.70;811;
RM;2966;0.32;0.23;7.78;0.00;0;0;0;0;15;99773.67;28.71;811;
RM;2987;0.52;0.27;7.77;0.00;0;0;0;0;15;99771.39;28.70;842;
RM;3007;1.03;0.35;7.77;0.00;0;0;0;0;15;99765.38;28.71;842;
RM;3027;0.80;0.42;7.77;0.00;0;0;0;0;15;99768.00;28.70;873;
RM;3051;1.14;0.52;7.74;0.00;0;0;0;0;21;99763.99;28.71;873;
RM;3072;0.79;0.56;7.75;0.00;0;0;0;0;14;99768.15;28.71;904;
RM;3092;1.31;0.68;7.74;0.00;0;0;0;0;15;99761.96;28.72;904;
RM;3139;1.11;0.76;7.84;0.00;0;0;0;0;45;99764.38;28.74;935;
RM;3159;1.34;0.86;7.83;0.00;0;0;0;0;16;99761.61;28.74;935;
RM;3179;1.49;0.98;7.78;0.00;0;0;0;0;15;99759.84;28.71;966;
RM;3200;1.14;1.01;7.77;0.00;0;0;0;0;15;99763.99;28.71;966;
RM;3220;0.87;0.99;7.77;0.00;0;0;0;0;15;99767.15;28.74;997;
RM;3240;1.43;1.06;7.75;0.00;0;0;0;0;15;99760.59;28.72;997;
RM;3264;1.60;1.15;7.80;0.00;0;0;0;0;21;99758.57;28.72;1028;
RM;3284;1.66;1.23;7.86;0.00;0;0;0;0;15;99757.83;28.72;1028;
RM;3304;0.96;1.19;7.74;0.00;0;0;0;0;15;99766.11;28.72;1059;
RM;3328;1.02;1.16;7.74;0.00;0;0;0;0;20;99765.48;28.72;1059;
RM;3348;0.81;1.10;7.75;0.00;0;0;0;0;15;99767.91;28.75;1090;
RM;3368;1.43;1.15;7.75;0.00;0;0;0;0;15;99760.59;28.72;1090;
RM;3391;0.95;1.12;7.74;0.00;0;0;0;0;20;99766.24;28.73;1121;
RM;3411;1.13;1.12;7.75;0.00;0;0;0;0;15;99764.10;28.72;1121;
RM;3435;1.55;1.18;7.74;0.00;0;0;0;0;21;99759.20;28.72;1152;
RM;3456;0.96;1.15;7.75;0.00;0;0;0;0;15;99766.11;28.72;1152;
RM;3476;1.23;1.16;7.75;0.00;0;0;0;0;15;99763.00;28.74;1183;
RM;3496;1.29;1.17;7.75;0.00;0;0;0;0;15;99762.27;28.74;1183;
RM;3516;1.07;1.16;7.74;0.00;0;0;0;0;15;99764.86;28.73;1214;
RM;3536;1.30;1.18;7.72;0.00;0;0;0;0;15;99762.09;28.73;1214;
RM;3556;1.37;1.20;7.84;0.00;0;0;0;0;16;99761.34;28.72;1245;
RM;3576;1.37;1.21;7.87;0.00;0;0;0;0;15;99761.34;28.72;1245;
RM;3596;1.59;1.25;7.75;0.00;0;0;0;0;16;99758.72;28.73;1276;
RM;3619;0.58;1.18;7.74;0.00;0;0;0;0;21;99770.67;28.75;1276;
RM;3639;1.24;1.19;7.74;0.00;0;0;0;0;15;99762.87;28.73;1307;
RM;3659;1.29;1.20;7.75;0.00;0;0;0;0;15;99762.27;28.74;1307;
RM;3695;1.34;1.21;7.72;0.00;0;0;0;0;34;99761.61;28.74;1338;
RM;3715;1.41;1.23;7.74;0.00;0;0;0;0;16;99760.88;28.74;1338;
RM;3735;1.46;1.25;7.74;0.00;0;0;0;0;15;99760.23;28.74;1369;
RM;3764;1.17;1.25;7.72;0.00;0;0;0;0;27;99763.65;28.74;1400;
RM;3784;1.34;1.26;7.74;0.00;0;0;0;0;15;99761.61;28.74;1400;
RM;3804;0.97;1.23;7.74;0.00;0;0;0;0;16;99766.04;28.76;1431;
RM;3836;1.69;1.27;7.72;0.00;0;0;0;0;30;99757.46;28.74;1462;
RM;3856;1.10;1.26;7.74;0.00;0;0;0;0;15;99764.52;28.75;1462;
RM;3876;1.09;1.24;7.74;0.00;0;0;0;0;15;99764.66;28.76;1493;
RM;3896;1.27;1.24;7.74;0.00;0;0;0;0;16;99762.52;28.76;1493;
RM;3916;1.10;1.23;7.74;0.00;0;0;0;0;15;99764.52;28.75;1524;
RM;3936;1.27;1.23;7.74;0.00;0;0;0;0;16;99762.52;28.76;1524;
RM;3956;1.85;1.28;7.86;0.00;0;0;0;0;15;99755.61;28.76;1555;
RM;3976;1.22;1.28;7.74;0.00;0;0;0;0;16;99763.13;28.75;1555;
RM;3997;0.98;1.25;7.72;0.00;0;0;0;0;19;99765.90;28.75;1586;
RM;4017;0.84;1.21;7.74;0.00;0;0;0;0;16;99767.52;28.77;1586;
RM;4037;1.27;1.22;7.74;0.00;0;0;0;0;15;99762.52;28.76;1617;
RM;4060;1.27;1.22;7.72;0.00;0;0;0;0;21;99762.52;28.76;1617;
RM;4080;1.56;1.25;7.74;0.00;0;0;0;0;15;99758.99;28.75;1648;
RM;4100;1.27;1.25;7.86;0.00;0;0;0;0;16;99762.52;28.76;1648;
RM;4120;1.02;1.23;7.75;0.00;0;0;0;0;15;99765.41;28.77;1679;
RM;4140;0.97;1.21;7.74;0.00;0;0;0;0;15;99766.04;28.76;1679;
RM;4162;1.32;1.22;7.72;0.00;0;0;0;0;20;99761.89;28.76;1710;
RM;4187;1.44;1.24;7.72;0.00;0;0;0;0;22;99760.51;28.76;1710;
RM;4207;1.32;1.25;7.74;0.00;0;0;0;0;14;99761.89;28.76;1741;
RM;4227;1.55;1.27;7.86;0.00;0;0;0;0;16;99759.13;28.76;1741;
RM;4262;0.90;1.24;7.84;0.00;0;0;0;0;33;99766.80;28.77;1772;
RM;4282;0.94;1.21;7.80;0.00;0;0;0;0;16;99766.41;28.79;1772;
RM;4302;0.96;1.19;7.77;0.00;0;0;0;0;15;99766.14;28.77;1803;
RM;4322;1.09;1.18;7.74;0.00;0;0;0;0;16;99764.66;28.76;1803;
RM;4342;0.90;1.15;7.74;0.00;0;0;0;0;15;99766.80;28.77;1834;
RM;4366;1.19;1.15;7.72;0.00;0;0;0;0;22;99763.38;28.77;1834;
RM;4395;0.36;1.08;7.81;0.00;0;0;0;0;26;99773.19;28.78;1865;
RM;4415;0.16;0.98;7.83;0.00;0;0;0;0;15;99775.58;28.81;1865;
RM;4435;0.96;0.98;7.74;0.00;0;0;0;0;15;99766.14;28.77;1896;
RM;4455;0.25;0.89;7.74;0.00;0;0;0;0;15;99774.58;28.78;1896;
RM;4475;-0.07;0.75;7.72;0.00;0;0;0;0;15;99778.35;28.81;1927;
RM;4495;0.60;0.72;7.74;0.00;0;0;0;0;16;99770.43;28.78;1927;
RM;4515;0.73;0.72;7.74;0.00;0;0;0;0;15;99768.91;28.77;1958;
RM;4535;0.12;0.64;7.69;0.00;0;0;0;0;16;99776.09;28.79;1958;
RM;4558;0.54;0.62;7.71;0.00;0;0;0;0;21;99771.05;28.78;1989;
RM;4578;0.60;0.62;7.84;0.00;0;0;0;0;15;99770.43;28.78;1989;
RM;4598;0.18;0.57;7.74;0.00;0;0;0;0;15;99775.34;28.79;2020;
RM;4618;0.07;0.50;7.74;0.00;0;0;0;0;16;99776.73;28.79;2020;
RM;4638;0.47;0.50;7.67;0.00;0;0;0;0;15;99771.95;28.79;2051;
RM;4658;0.41;0.49;7.68;0.00;0;0;0;0;16;99772.58;28.79;2051;
RM;4678;-0.10;0.42;7.71;0.00;0;0;0;0;15;99778.66;28.83;2082;
RM;4698;0.24;0.40;7.72;0.00;0;0;0;0;16;99774.71;28.79;2082;
RM;4721;0.47;0.41;7.71;0.00;0;0;0;0;21;99771.95;28.79;2113;
RM;4741;-0.24;0.33;7.84;0.00;0;0;0;0;16;99780.24;28.79;2113;
RM;4771;0.06;0.30;7.71;0.00;0;0;0;0;27;99776.85;28.80;2144;
RM;4791;0.59;0.33;7.72;0.00;0;0;0;0;16;99770.56;28.79;2144;
RM;4827;0.11;0.30;7.71;0.00;0;0;0;0;34;99776.20;28.80;2175;
RM;4847;0.17;0.29;7.72;0.00;0;0;0;0;15;99775.46;28.80;2175;
RM;4867;0.06;0.26;7.81;0.00;0;0;0;0;16;99776.85;28.80;2206;
RM;4887;0.16;0.25;7.74;0.00;0;0;0;0;15;99775.58;28.81;2206;
RM;4907;0.52;0.28;7.72;0.00;0;0;0;0;15;99771.32;28.80;2237;
RM;4930;0.51;0.30;7.71;0.00;0;0;0;0;21;99771.44;28.81;2237;
RM;4953;0.68;0.35;7.69;0.00;0;0;0;0;20;99769.46;28.81;2268;
RM;4973;0.52;0.37;7.71;0.00;0;0;0;0;15;99771.32;28.80;2268;
RM;4993;0.58;0.39;7.71;0.00;0;0;0;0;15;99770.67;28.80;2299;
RM;5021;0.28;0.38;7.69;0.00;0;0;0;0;26;99774.20;28.81;2330;
RM;5041;0.11;0.35;7.71;0.00;0;0;0;0;16;99776.20;28.80;2330;
RM;5061;0.46;0.36;7.72;0.00;0;0;0;0;15;99772.05;28.80;2361;
RM;5081;0.11;0.34;7.72;0.00;0;0;0;0;16;99776.20;28.80;2361;
RM;5104;0.23;0.33;7.71;0.00;0;0;0;0;21;99774.82;28.80;2392;
RM;5124;0.34;0.33;7.72;0.00;0;0;0;0;16;99773.44;28.80;2392;
RM;5144;-0.40;0.26;7.72;0.00;0;0;0;0;15;99782.14;28.83;2423;
RM;5164;-0.01;0.23;7.72;0.00;0;0;0;0;15;99777.59;28.80;2423;
RM;5184;-0.07;0.20;7.72;0.00;0;0;0;0;15;99778.35;28.81;2455;
RM;5204;-0.48;0.12;7.72;0.00;0;0;0;0;15;99783.05;28.85;2455;
RM;5224;0.21;0.14;7.72;0.00;0;0;0;0;15;99774.99;28.81;2487;
RM;5244;0.56;0.19;7.71;0.00;0;0;0;0;15;99770.84;28.81;2487;
RM;5264;0.33;0.21;7.71;0.00;0;0;0;0;16;99773.61;28.81;2518;
RM;5287;0.75;0.27;7.71;0.00;0;0;0;0;21;99768.67;28.81;2518;
RM;5307;0.68;0.32;7.71;0.00;0;0;0;0;14;99769.46;28.81;2549;
RM;5327;0.43;0.34;7.72;0.00;0;0;0;0;15;99772.47;28.83;2549;
RM;5347;0.07;0.30;7.71;0.00;0;0;0;0;16;99776.62;28.83;2580;
RM;5383;0.66;0.35;7.69;0.00;0;0;0;0;34;99769.70;28.83;2611;
RM;5403;0.52;0.37;7.71;0.00;0;0;0;0;15;99771.37;28.85;2611;
RM;5423;1.03;0.45;7.71;0.00;0;0;0;0;16;99765.31;28.81;2642;
RM;5443;0.90;0.51;7.71;0.00;0;0;0;0;15;99766.83;28.82;2642;
RM;5472;0.65;0.53;7.69;0.00;0;0;0;0;27;99769.84;28.84;2673;
RM;5492;0.78;0.57;7.71;0.00;0;0;0;0;15;99768.22;28.82;2673;
RM;5512;1.31;0.66;7.71;0.00;0;0;0;0;16;99762.06;28.83;2704;
RM;5532;1.00;0.72;7.71;0.00;0;0;0;0;15;99765.70;28.84;2704;
RM;5552;1.00;0.76;7.71;0.00;0;0;0;0;16;99765.70;28.84;2735;
RM;5572;1.60;0.88;7.83;0.00;0;0;0;0;15;99758.64;28.83;2735;
RM;5592;1.24;0.94;7.83;0.00;0;0;0;0;16;99762.79;28.83;2766;
RM;5612;1.29;1.00;7.71;0.00;0;0;0;0;15;99762.18;28.84;2766;
RM;5641;1.41;1.07;7.69;0.00;0;0;0;0;27;99760.79;28.84;2797;
RM;5665;1.13;1.08;7.69;0.00;0;0;0;0;21;99764.17;28.83;2797;
RM;5685;1.36;1.12;7.71;0.00;0;0;0;0;15;99761.41;28.83;2828;
RM;5707;1.35;1.15;7.69;0.00;0;0;0;0;20;99761.55;28.84;2828;
RM;5727;1.23;1.17;7.71;0.00;0;0;0;0;15;99762.92;28.84;2859;
RM;5747;1.64;1.22;7.71;0.00;0;0;0;0;15;99758.16;28.85;2859;
RM;5767;1.47;1.26;7.71;0.00;0;0;0;0;16;99760.16;28.84;2890;
RM;5787;1.12;1.24;7.71;0.00;0;0;0;0;15;99764.30;28.84;2890;
RM;5807;1.06;1.22;7.69;0.00;0;0;0;0;16;99764.94;28.84;2921;
RM;5830;1.76;1.28;7.69;0.00;0;0;0;0;21;99756.65;28.84;2921;
RM;5850;1.18;1.27;7.71;0.00;0;0;0;0;15;99763.55;28.84;2952;
RM;5870;0.91;1.22;7.71;0.00;0;0;0;0;15;99766.70;28.87;2952;
RM;5890;1.17;1.22;7.69;0.00;0;0;0;0;16;99763.70;28.85;2983;
RM;5910;0.95;1.19;7.68;0.00;0;0;0;0;15;99766.32;28.84;2983;
RM;5946;1.57;1.23;7.68;0.00;0;0;0;0;34;99758.93;28.85;3014;
RM;5966;1.70;1.29;7.68;0.00;0;0;0;0;15;99757.39;28.84;3014;
RM;5986;1.65;1.33;7.69;0.00;0;0;0;0;16;99758.02;28.84;3045;
RM;6006;1.70;1.38;7.81;0.00;0;0;0;0;15;99757.39;28.84;3045;
RM;6030;1.75;1.43;7.67;0.00;0;0;0;0;22;99756.78;28.85;3076;
RM;6050;1.69;1.47;7.69;0.00;0;0;0;0;15;99757.54;28.85;3076;
RM;6070;1.15;1.42;7.69;0.00;0;0;0;0;16;99763.94;28.87;3107;
RM;6090;1.22;1.40;7.69;0.00;0;0;0;0;15;99763.07;28.85;3107;
RM;6110;1.34;1.39;7.69;0.00;0;0;0;0;16;99761.70;28.85;3138;
RM;6130;1.70;1.43;7.69;0.00;0;0;0;0;15;99757.39;28.84;3138;
RM;6150;1.28;1.41;7.69;0.00;0;0;0;0;16;99762.31;28.85;3169;
RM;6170;1.34;1.40;7.83;0.00;0;0;0;0;15;99761.70;28.85;3169;
RM;6200;1.07;1.37;7.68;0.00;0;0;0;0;27;99764.84;28.88;3200;
RM;6220;1.57;1.39;7.69;0.00;0;0;0;0;15;99758.93;28.85;3200;
RM;6240;1.57;1.41;7.69;0.00;0;0;0;0;16;99758.93;28.85;3231;
RM;6268;0.90;1.35;7.68;0.00;0;0;0;0;26;99766.85;28.88;3262;
RM;6288;1.57;1.38;7.69;0.00;0;0;0;0;15;99758.93;28.85;3262;
RM;6308;1.04;1.34;7.69;0.00;0;0;0;0;15;99765.21;28.86;3293;
RM;6328;0.98;1.30;7.67;0.00;0;0;0;0;16;99765.93;28.86;3293;
RM;6348;1.21;1.29;7.68;0.00;0;0;0;0;15;99763.17;28.86;3324;
RM;6368;1.04;1.26;7.81;0.00;0;0;0;0;16;99765.21;28.86;3324;
RM;6391;1.27;1.26;7.68;0.00;0;0;0;0;21;99762.45;28.86;3355;
RM;6411;0.62;1.20;7.69;0.00;0;0;0;0;16;99770.22;28.87;3355;
RM;6431;0.75;1.14;7.69;0.00;0;0;0;0;15;99768.70;28.86;3386;
RM;6451;0.80;1.10;7.69;0.00;0;0;0;0;16;99768.09;28.87;3386;
RM;6473;0.73;1.05;7.67;0.00;0;0;0;0;20;99768.84;28.87;3417;
RM;6510;0.98;1.04;7.68;0.00;0;0;0;0;34;99765.93;28.86;3448;
RM;6530;0.98;1.03;7.68;0.00;0;0;0;0;16;99765.93;28.86;3448;
RM;6550;0.75;1.00;7.80;0.00;0;0;0;0;15;99768.70;28.86;3479;
RM;6574;0.75;0.97;7.68;0.00;0;0;0;0;22;99768.61;28.85;3479;
RM;6594;0.48;0.92;7.69;0.00;0;0;0;0;14;99771.89;28.89;3510;
RM;6614;0.80;0.90;7.69;0.00;0;0;0;0;15;99768.09;28.87;3510;
RM;6634;0.67;0.87;7.69;0.00;0;0;0;0;15;99769.62;28.88;3541;
RM;6654;0.15;0.79;7.69;0.00;0;0;0;0;15;99775.76;28.87;3541;
RM;6674;0.68;0.78;7.68;0.00;0;0;0;0;15;99769.47;28.87;3572;
RM;6694;0.98;0.80;7.81;0.00;0;0;0;0;15;99765.93;28.86;3572;
RM;6714;0.38;0.75;7.69;0.00;0;0;0;0;16;99772.98;28.87;3603;
RM;6734;0.50;0.72;7.69;0.00;0;0;0;0;15;99771.61;28.87;3603;
RM;6757;0.33;0.67;7.68;0.00;0;0;0;0;21;99773.62;28.87;3634;
RM;6777;0.51;0.65;7.69;0.00;0;0;0;0;15;99771.47;28.86;3634;
RM;6797;0.48;0.63;7.68;0.00;0;0;0;0;16;99771.89;28.89;3665;
RM;6817;0.45;0.61;7.68;0.00;0;0;0;0;15;99772.23;28.87;3665;
RM;6837;0.16;0.55;7.65;0.00;0;0;0;0;16;99775.62;28.86;3696;
RM;6857;0.62;0.56;7.81;0.00;0;0;0;0;15;99770.22;28.87;3696;
RM;6886;0.63;0.57;7.67;0.00;0;0;0;0;27;99770.09;28.86;3727;
RM;6909;1.09;0.62;7.78;0.00;0;0;0;0;20;99764.55;28.86;3727;
RM;6932;0.21;0.58;7.68;0.00;0;0;0;0;19;99774.99;28.87;3758;
RM;6952;0.16;0.53;7.69;0.00;0;0;0;0;15;99775.62;28.86;3758;
RM;6972;0.39;0.51;7.67;0.00;0;0;0;0;15;99772.84;28.86;3789;
RM;6992;-0.23;0.42;7.67;0.00;0;0;0;0;15;99780.19;28.89;3789;
RM;7012;0.15;0.38;7.68;0.00;0;0;0;0;16;99775.76;28.87;3821;
RM;7032;0.15;0.35;7.65;0.00;0;0;0;0;15;99775.76;28.87;3821;
RM;7068;-0.36;0.25;7.67;0.00;0;0;0;0;34;99781.70;28.90;3853;
RM;7088;-0.09;0.20;7.68;0.00;0;0;0;0;16;99778.52;28.87;3853;
RM;7108;-0.09;0.16;7.68;0.00;0;0;0;0;15;99778.52;28.87;3885;
RM;7132;-0.09;0.12;7.64;0.00;0;0;0;0;22;99778.52;28.87;3885;
RM;7152;0.50;0.17;7.68;0.00;0;0;0;0;15;99771.61;28.87;3917;
RM;7172;0.45;0.21;7.68;0.00;0;0;0;0;16;99772.23;28.87;3917;
RM;7192;-0.06;0.17;7.69;0.00;0;0;0;0;15;99778.17;28.90;3948;
RM;7212;0.26;0.19;7.68;0.00;0;0;0;0;15;99774.36;28.87;3948;
RM;7232;0.38;0.21;7.68;0.00;0;0;0;0;15;99772.98;28.87;3979;
RM;7255;0.56;0.25;7.80;0.00;0;0;0;0;21;99770.84;28.87;3979;
RM;7275;0.39;0.27;7.69;0.00;0;0;0;0;15;99772.84;28.86;4010;
RM;7299;0.26;0.27;7.67;0.00;0;0;0;0;22;99774.36;28.87;4010;
RM;7319;0.01;0.24;7.68;0.00;0;0;0;0;14;99777.42;28.89;4041;
RM;7339;0.07;0.22;7.68;0.00;0;0;0;0;15;99776.67;28.89;4041;
RM;7359;0.15;0.22;7.68;0.00;0;0;0;0;15;99775.76;28.87;4072;
RM;7379;0.26;0.22;7.68;0.00;0;0;0;0;15;99774.36;28.87;4072;
RM;7399;0.31;0.23;7.78;0.00;0;0;0;0;15;99773.77;28.88;4103;
RM;7419;0.31;0.24;7.69;0.00;0;0;0;0;15;99773.77;28.88;4103;
RM;7439;0.26;0.24;7.68;0.00;0;0;0;0;16;99774.36;28.87;4134;
RM;7459;0.24;0.24;7.67;0.00;0;0;0;0;15;99774.66;28.89;4134;
RM;7483;0.50;0.26;7.67;0.00;0;0;0;0;22;99771.61;28.87;4165;
RM;7513;0.38;0.27;7.67;0.00;0;0;0;0;27;99772.98;28.87;4165;
RM;7533;0.36;0.27;7.68;0.00;0;0;0;0;15;99773.27;28.89;4196;
RM;7553;0.25;0.27;7.68;0.00;0;0;0;0;15;99774.52;28.88;4196;
RM;7573;-0.30;0.23;7.65;0.00;0;0;0;0;15;99780.94;28.90;4227;
RM;7593;-0.13;0.21;7.65;0.00;0;0;0;0;15;99778.93;28.90;4227;
RM;7634;0.49;0.23;7.80;0.00;0;0;0;0;38;99771.76;28.88;4258;
RM;7654;0.17;0.22;7.72;0.00;0;0;0;0;15;99775.54;28.91;4258;
RM;7677;0.31;0.23;7.67;0.00;0;0;0;0;21;99773.77;28.88;4289;
RM;7697;0.56;0.26;7.68;0.00;0;0;0;0;15;99770.84;28.87;4289;
RM;7717;0.25;0.26;7.68;0.00;0;0;0;0;15;99774.52;28.88;4320;
RM;7737;0.73;0.30;7.68;0.00;0;0;0;0;16;99768.84;28.87;4320;
RM;7757;0.66;0.33;7.68;0.00;0;0;0;0;15;99769.76;28.89;4351;
RM;7777;0.43;0.34;7.68;0.00;0;0;0;0;16;99772.38;28.88;4351;
RM;7797;0.89;0.39;7.65;0.00;0;0;0;0;15;99767.00;28.89;4382;
RM;7817;0.84;0.44;7.68;0.00;0;0;0;0;16;99767.60;28.88;4382;
RM;7837;1.47;0.55;7.80;0.00;0;0;0;0;15;99760.09;28.89;4413;
RM;7861;1.54;0.70;7.67;0.00;0;0;0;0;22;99759.31;28.88;4413;
RM;7881;1.60;0.86;7.68;0.00;0;0;0;0;14;99758.55;28.88;4444;
RM;7901;1.50;0.99;7.67;0.00;0;0;0;0;16;99759.71;28.91;4444;
RM;7921;2.41;1.30;7.64;0.00;0;0;0;0;15;99749.03;28.89;4475;
RM;7941;2.11;1.52;7.62;0.00;0;0;0;0;16;99752.53;28.89;4475;
RM;7961;2.64;1.82;7.67;0.00;0;0;0;0;15;99746.26;28.89;4506;
RM;7981;2.81;2.12;7.77;0.00;0;0;0;0;16;99744.24;28.89;4506;
RM;8001;3.11;2.43;7.65;0.00;0;0;0;0;15;99740.73;28.89;4537;
RM;8024;3.04;2.62;7.65;0.00;0;0;0;0;21;99741.60;28.90;4537;
RM;8048;3.05;2.74;7.65;0.00;0;0;0;0;21;99741.48;28.89;4568;
RM;8068;2.70;2.73;7.64;0.00;0;0;0;0;16;99745.63;28.89;4568;
RM;8088;2.47;2.68;7.67;0.00;0;0;0;0;15;99748.24;28.88;4599;
RM;8108;1.82;2.51;7.74;0.00;0;0;0;0;15;99755.94;28.89;4599;
RM;8136;1.77;2.35;7.62;0.00;0;0;0;0;26;99756.55;28.88;4630;
RM;8156;1.81;2.23;7.61;0.00;0;0;0;0;16;99756.05;28.90;4630;
RM;8192;2.01;2.18;7.65;0.00;0;0;0;0;34;99753.77;28.88;4661;
RM;8212;2.54;2.25;7.67;0.00;0;0;0;0;15;99747.49;28.88;4661;
RM;8236;3.24;2.44;7.62;0.00;0;0;0;0;22;99739.20;28.88;4692;
RM;8256;3.46;2.67;7.64;0.00;0;0;0;0;14;99736.59;28.89;4692;
RM;8276;3.64;2.91;7.67;0.00;0;0;0;0;15;99734.42;28.88;4723;
RM;8296;3.26;3.01;7.65;0.00;0;0;0;0;15;99738.97;28.91;4723;
RM;8316;3.82;3.20;7.34;0.00;0;0;0;0;15;99732.28;28.88;4754;
RM;8340;4.63;3.57;7.09;0.00;0;0;0;0;22;99722.70;28.83;4754;
RM;8360;4.26;3.78;7.65;0.00;0;0;0;0;15;99727.13;28.85;4785;
RM;8380;3.61;3.73;7.71;0.00;0;0;0;0;15;99734.80;28.86;4785;
RM;8400;3.96;3.78;7.62;0.00;0;0;0;0;15;99730.65;28.86;4816;
RM;8424;3.76;3.78;7.56;0.00;0;0;0;0;22;99733.05;28.88;4816;
RM;8444;3.47;3.73;7.64;0.00;0;0;0;0;15;99736.44;28.88;4847;
RM;8464;4.07;3.78;7.62;0.00;0;0;0;0;16;99729.38;28.87;4847;
RM;8484;3.89;3.80;7.62;0.00;0;0;0;0;15;99731.52;28.87;4878;
RM;8504;3.95;3.82;7.74;0.00;0;0;0;0;16;99730.76;28.87;4878;
RM;8524;3.89;3.83;7.74;0.00;0;0;0;0;15;99731.52;28.87;4909;
RM;8544;3.99;3.85;7.67;0.00;0;0;0;0;16;99730.27;28.88;4909;
RM;8564;3.67;3.83;7.67;0.00;0;0;0;0;15;99734.06;28.91;4940;
RM;8588;4.05;3.86;7.64;0.00;0;0;0;0;22;99729.67;28.89;4940;
RM;8608;3.88;3.86;7.65;0.00;0;0;0;0;14;99731.65;28.88;4971;
RM;8628;4.09;3.88;7.65;0.00;0;0;0;0;16;99729.16;28.90;4971;
RM;8648;4.33;3.93;7.65;0.00;0;0;0;0;15;99726.27;28.89;5002;
RM;8668;4.57;4.00;7.78;0.00;0;0;0;0;16;99723.50;28.89;5002;
RM;8688;4.45;4.06;7.67;0.00;0;0;0;0;15;99724.88;28.89;5033;
RM;8708;4.45;4.11;7.67;0.00;0;0;0;0;16;99724.88;28.89;5033;
RM;8743;3.93;4.08;7.74;0.00;0;0;0;0;33;99731.05;28.89;5064;
RM;8773;4.45;4.13;7.62;0.00;0;0;0;0;26;99724.88;28.89;5064;
RM;8803;4.50;4.18;7.74;0.00;0;0;0;0;27;99724.26;28.90;5095;
RM;8823;3.95;4.15;7.75;0.00;0;0;0;0;14;99730.78;28.92;5095;
RM;8843;4.39;4.18;7.68;0.00;0;0;0;0;16;99725.52;28.89;5126;
RM;8863;4.23;4.19;7.67;0.00;0;0;0;0;15;99727.52;28.88;5126;
RM;8883;3.83;4.15;7.67;0.00;0;0;0;0;16;99732.16;28.92;5157;
RM;8903;4.10;4.14;7.67;0.00;0;0;0;0;15;99729.03;28.89;5157;
RM;8923;3.98;4.12;7.64;0.00;0;0;0;0;16;99730.41;28.89;5188;
RM;8943;4.08;4.12;7.67;0.00;0;0;0;0;15;99729.29;28.91;5188;
RM;8967;3.74;4.08;7.75;0.00;0;0;0;0;22;99733.30;28.90;5219;
RM;8987;4.32;4.11;7.61;0.00;0;0;0;0;15;99726.40;28.90;5219;
RM;9007;4.27;4.12;7.61;0.00;0;0;0;0;16;99727.02;28.90;5250;
RM;9027;3.97;4.11;7.67;0.00;0;0;0;0;15;99730.54;28.90;5250;
RM;9051;3.92;4.09;7.64;0.00;0;0;0;0;22;99731.17;28.90;5281;
RM;9071;3.61;4.04;7.65;0.00;0;0;0;0;14;99734.82;28.91;5281;
RM;9091;3.61;4.00;7.64;0.00;0;0;0;0;16;99734.82;28.91;5312;
RM;9111;3.39;3.92;7.67;0.00;0;0;0;0;15;99737.45;28.90;5312;
RM;9131;3.32;3.85;7.75;0.00;0;0;0;0;15;99738.22;28.91;5343;
RM;9154;3.13;3.74;7.65;0.00;0;0;0;0;21;99740.46;28.92;5343;
RM;9174;3.61;3.72;7.65;0.00;0;0;0;0;14;99734.82;28.91;5374;
RM;9194;3.14;3.63;7.67;0.00;0;0;0;0;15;99740.36;28.91;5374;
RM;9214;2.64;3.47;7.67;0.00;0;0;0;0;15;99746.26;28.94;5405;
RM;9234;3.03;3.38;7.65;0.00;0;0;0;0;15;99741.73;28.91;5405;
RM;9254;2.67;3.25;7.64;0.00;0;0;0;0;15;99745.88;28.91;5436;
RM;9274;3.03;3.20;7.65;0.00;0;0;0;0;16;99741.73;28.91;5436;
RM;9310;2.56;3.08;7.72;0.00;0;0;0;0;34;99747.27;28.91;5467;
RM;9335;1.93;2.85;7.61;0.00;0;0;0;0;22;99754.66;28.95;5467;
RM;9355;2.79;2.84;7.61;0.00;0;0;0;0;15;99744.51;28.91;5498;
RM;9375;2.67;2.81;7.64;0.00;0;0;0;0;15;99745.88;28.91;5498;
RM;9411;1.82;2.63;7.56;0.00;0;0;0;0;34;99755.94;28.94;5529;
RM;9431;2.32;2.57;7.62;0.00;0;0;0;0;16;99750.04;28.91;5529;
RM;9451;2.44;2.54;7.59;0.00;0;0;0;0;15;99748.65;28.91;5560;
RM;9472;2.32;2.51;7.62;0.00;0;0;0;0;15;99750.04;28.91;5560;
RM;9492;1.67;2.37;7.62;0.00;0;0;0;0;15;99757.70;28.92;5591;
RM;9512;1.85;2.28;7.74;0.00;0;0;0;0;15;99755.67;28.92;5591;
RM;9536;0.94;2.02;7.61;0.00;0;0;0;0;21;99766.39;28.95;5622;
RM;9556;1.67;1.94;7.64;0.00;0;0;0;0;15;99757.70;28.92;5622;
RM;9579;1.62;1.87;7.58;0.00;0;0;0;0;20;99758.33;28.91;5653;
RM;9600;1.15;1.72;7.64;0.00;0;0;0;0;15;99763.86;28.91;5653;
RM;9620;1.39;1.65;7.77;0.00;0;0;0;0;15;99761.09;28.91;5684;
RM;9640;1.15;1.55;7.65;0.00;0;0;0;0;15;99763.86;28.91;5684;
RM;9660;1.27;1.49;7.65;0.00;0;0;0;0;15;99762.48;28.91;5715;
RM;9680;0.86;1.37;7.65;0.00;0;0;0;0;15;99767.38;28.92;5715;
RM;9703;1.56;1.41;7.61;0.00;0;0;0;0;21;99759.09;28.92;5746;
RM;9723;1.27;1.39;7.61;0.00;0;0;0;0;15;99762.48;28.91;5746;
RM;9743;1.63;1.43;7.61;0.00;0;0;0;0;16;99758.20;28.90;5777;
RM;9766;1.10;1.38;7.64;0.00;0;0;0;0;21;99764.49;28.91;5777;
RM;9786;0.98;1.32;7.64;0.00;0;0;0;0;16;99765.87;28.91;5808;
RM;9806;-1.56;0.88;7.49;0.00;0;0;0;0;15;99795.91;28.93;5808;
RM;9826;-0.73;0.44;7.49;0.00;0;0;0;0;16;99786.09;28.92;5840;
RM;9846;-1.26;-0.12;7.43;0.00;0;0;0;0;15;99792.39;28.93;5840;
RM;9882;-1.43;-0.61;7.47;0.00;0;0;0;0;34;99794.38;28.92;5872;
RM;9905;-0.72;-0.66;7.42;0.00;0;0;0;0;20;99785.98;28.91;5872;
RM;9925;-1.24;-0.83;7.43;0.00;0;0;0;0;15;99792.13;28.91;5904;
RM;9945;-1.07;-0.89;7.62;0.00;0;0;0;0;16;99790.13;28.91;5904;
RM;9965;-1.19;-0.96;7.52;0.00;0;0;0;0;15;99791.51;28.91;5936;
RM;9985;-0.60;-0.89;7.46;0.00;0;0;0;0;15;99784.60;28.91;5936;
RM;10005;-1.37;-0.98;7.46;0.00;0;0;0;0;15;99793.65;28.92;5969;
RM;10034;-0.48;-0.88;7.45;0.00;0;0;0;0;27;99783.07;28.90;6002;
RM;10054;-0.54;-0.81;7.68;0.00;0;0;0;0;15;99783.84;28.91;6002;
RM;10090;-1.00;-0.85;7.58;0.00;0;0;0;0;33;99789.24;28.90;6035;
RM;10110;-1.25;-0.92;7.65;0.00;0;0;0;0;14;99792.27;28.92;6035;
RM;10130;-0.35;-0.82;7.53;0.00;0;0;0;0;15;99781.57;28.89;6068;
RM;10150;-1.24;-0.90;7.08;0.00;0;0;0;0;15;99792.13;28.91;6068;
RM;10170;-1.24;-0.96;7.43;0.00;0;0;0;0;16;99792.13;28.91;6101;
RM;10190;-1.24;-1.01;7.45;0.00;0;0;0;0;15;99792.13;28.91;6101;
RM;10210;-0.82;-0.98;7.46;0.00;0;0;0;0;16;99787.23;28.90;6134;
RM;10230;-1.07;-0.99;7.45;0.00;0;0;0;0;15;99790.13;28.91;6134;
RM;10254;-1.07;-1.00;7.62;0.00;0;0;0;0;22;99790.13;28.91;6167;
RM;10274;-1.07;-1.01;7.55;0.00;0;0;0;0;15;99790.13;28.91;6167;
RM;10294;-1.19;-1.03;7.46;0.00;0;0;0;0;16;99791.51;28.91;6200;
RM;10314;-0.96;-1.02;7.50;0.00;0;0;0;0;15;99788.75;28.91;6200;
RM;10334;-1.13;-1.03;7.50;0.00;0;0;0;0;16;99790.76;28.91;6233;
RM;10356;-1.48;-1.08;7.47;0.00;0;0;0;0;20;99795.03;28.92;6233;
RM;10376;-1.42;-1.12;7.50;0.00;0;0;0;0;16;99794.27;28.91;6266;
RM;10396;-1.25;-1.13;7.49;0.00;0;0;0;0;15;99792.27;28.92;6266;
RM;10420;-1.42;-1.16;7.49;0.00;0;0;0;0;22;99794.27;28.91;6299;
RM;10457;0.98;-0.93;7.45;0.00;0;0;0;0;34;99765.87;28.91;6331;
RM;10477;-1.37;-1.01;7.49;0.00;0;0;0;0;15;99793.65;28.92;6331;
RM;10501;-1.13;-1.03;7.47;0.00;0;0;0;0;21;99790.76;28.91;6364;
RM;10521;-1.72;-1.14;7.50;0.00;0;0;0;0;14;99797.80;28.92;6364;
RM;10541;-1.31;-1.17;7.47;0.00;0;0;0;0;16;99792.90;28.91;6397;
RM;10561;-1.31;-1.19;7.50;0.00;0;0;0;0;15;99792.90;28.91;6397;
RM;10582;-1.31;-1.21;7.62;0.00;0;0;0;0;15;99792.90;28.91;6430;
RM;10605;-1.14;-1.20;7.49;0.00;0;0;0;0;21;99790.88;28.92;6430;
RM;10625;-1.55;-1.24;7.50;0.00;0;0;0;0;14;99795.77;28.92;6463;
RM;10645;-1.38;-1.26;7.50;0.00;0;0;0;0;15;99793.77;28.93;6463;
RM;10674;-1.02;-1.23;7.49;0.00;0;0;0;0;27;99789.50;28.92;6496;
RM;10694;-1.60;-1.27;7.50;0.00;0;0;0;0;15;99796.41;28.92;6496;
RM;10714;-2.15;-1.38;7.50;0.00;0;0;0;0;16;99802.83;28.93;6529;
RM;10734;-1.66;-1.42;7.50;0.00;0;0;0;0;15;99797.15;28.92;6529;
RM;10754;-1.84;-1.48;7.50;0.00;0;0;0;0;16;99799.30;28.93;6562;
RM;10774;-1.37;-1.47;7.50;0.00;0;0;0;0;15;99793.65;28.92;6562;
RM;10798;-1.43;-1.46;7.67;0.00;0;0;0;0;22;99794.38;28.92;6595;
RM;10818;-1.96;-1.52;7.52;0.00;0;0;0;0;15;99800.67;28.93;6595;
RM;10838;-1.84;-1.57;7.50;0.00;0;0;0;0;15;99799.30;28.93;6628;
RM;10858;-2.03;-1.63;7.50;0.00;0;0;0;0;15;99801.45;28.93;6628;
RM;10878;-2.08;-1.69;7.50;0.00;0;0;0;0;15;99802.06;28.93;6661;
RM;10898;-1.80;-1.71;7.50;0.00;0;0;0;0;15;99798.68;28.93;6661;
RM;10918;-2.09;-1.76;7.47;0.00;0;0;0;0;15;99802.20;28.94;6694;
RM;10938;-2.27;-1.83;7.50;0.00;0;0;0;0;16;99804.34;28.94;6694;
RM;10961;-1.78;-1.82;7.50;0.00;0;0;0;0;21;99798.53;28.92;6727;
RM;10981;-1.56;-1.79;7.50;0.00;0;0;0;0;16;99795.91;28.93;6727;
RM;11017;-2.16;-1.84;7.45;0.00;0;0;0;0;34;99802.95;28.94;6760;
RM;11037;-1.96;-1.85;7.50;0.00;0;0;0;0;15;99800.67;28.93;6760;
RM;11057;-1.56;-1.82;7.50;0.00;0;0;0;0;16;99795.91;28.93;6793;
RM;11077;-1.96;-1.83;7.50;0.00;0;0;0;0;15;99800.67;28.93;6793;
RM;11097;-1.92;-1.84;7.50;0.00;0;0;0;0;16;99800.18;28.94;6826;
RM;11117;-2.04;-1.87;7.50;0.00;0;0;0;0;15;99801.58;28.94;6826;
RM;11146;-2.21;-1.90;7.47;0.00;0;0;0;0;27;99803.59;28.94;6859;
RM;11166;-2.16;-1.93;7.50;0.00;0;0;0;0;15;99802.95;28.94;6859;
RM;11186;-1.75;-1.91;7.50;0.00;0;0;0;0;16;99798.20;28.95;6892;
RM;11209;-2.16;-1.94;7.47;0.00;0;0;0;0;20;99802.95;28.94;6892;
RM;11229;-1.80;-1.92;7.47;0.00;0;0;0;0;16;99798.80;28.94;6925;
RM;11249;-1.87;-1.92;7.65;0.00;0;0;0;0;15;99799.57;28.95;6925;
RM;11269;-1.93;-1.92;7.62;0.00;0;0;0;0;16;99800.30;28.95;6958;
RM;11297;-2.04;-1.93;7.47;0.00;0;0;0;0;26;99801.58;28.94;6991;
RM;11322;-1.87;-1.92;7.67;0.00;0;0;0;0;22;99799.57;28.95;6991;
RM;11342;-1.75;-1.91;7.52;0.00;0;0;0;0;14;99798.20;28.95;7024;
RM;11362;-1.99;-1.92;7.50;0.00;0;0;0;0;16;99800.95;28.95;7024;
RM;11382;-1.83;-1.91;7.50;0.00;0;0;0;0;15;99799.08;28.97;7057;
RM;11402;-1.93;-1.91;7.50;0.00;0;0;0;0;16;99800.30;28.95;7057;
RM;11422;-1.70;-1.90;7.47;0.00;0;0;0;0;15;99797.53;28.95;7090;
RM;11442;-1.93;-1.90;7.47;0.00;0;0;0;0;16;99800.30;28.95;7090;
RM;11462;-2.05;-1.91;7.50;0.00;0;0;0;0;15;99801.68;28.95;7123;
RM;11486;-2.05;-1.92;7.49;0.00;0;0;0;0;22;99801.68;28.95;7123;
RM;11506;-1.87;-1.92;7.50;0.00;0;0;0;0;15;99799.57;28.95;7156;
RM;11526;-2.18;-1.93;7.50;0.00;0;0;0;0;16;99803.23;28.97;7156;
RM;11546;-1.76;-1.92;7.50;0.00;0;0;0;0;15;99798.30;28.96;7189;
RM;11582;-1.71;-1.91;7.47;0.00;0;0;0;0;34;99797.70;28.97;7222;
RM;11602;-2.17;-1.92;7.50;0.00;0;0;0;0;15;99803.06;28.95;7222;
RM;11622;-1.58;-1.90;7.50;0.00;0;0;0;0;16;99796.15;28.95;7255;
RM;11642;-1.83;-1.89;7.50;0.00;0;0;0;0;15;99799.08;28.97;7255;
RM;11666;-1.64;-1.87;7.64;0.00;0;0;0;0;22;99796.91;28.96;7288;
RM;11686;-2.00;-1.88;7.52;0.00;0;0;0;0;15;99801.05;28.96;7288;
RM;11706;-1.94;-1.89;7.50;0.00;0;0;0;0;16;99800.47;28.97;7321;
RM;11726;-2.06;-1.90;7.50;0.00;0;0;0;0;15;99801.85;28.97;7321;
RM;11746;-1.81;-1.89;7.50;0.00;0;0;0;0;16;99798.91;28.95;7354;
RM;11766;-1.48;-1.86;7.50;0.00;0;0;0;0;15;99794.94;28.97;7354;
RM;11786;-2.24;-1.90;7.50;0.00;0;0;0;0;16;99803.98;28.97;7387;
RM;11806;-1.76;-1.88;7.50;0.00;0;0;0;0;15;99798.30;28.96;7387;
RM;11830;-1.83;-1.88;7.49;0.00;0;0;0;0;22;99799.08;28.97;7420;
RM;11850;-1.60;-1.86;7.50;0.00;0;0;0;0;15;99796.31;28.97;7420;
RM;11870;-1.60;-1.83;7.50;0.00;0;0;0;0;16;99796.31;28.97;7453;
RM;11890;-1.48;-1.80;7.50;0.00;0;0;0;0;15;99794.94;28.97;7453;
RM;11930;-1.72;-1.80;7.47;0.00;0;0;0;0;38;99797.82;28.98;7486;
RM;11950;-1.84;-1.80;7.49;0.00;0;0;0;0;16;99799.22;28.98;7486;
RM;11970;-1.43;-1.77;7.47;0.00;0;0;0;0;15;99794.30;28.97;7519;
RM;11990;-1.19;-1.72;7.50;0.00;0;0;0;0;15;99791.55;28.97;7519;
RM;12013;-1.83;-1.73;7.49;0.00;0;0;0;0;21;99799.08;28.97;7552;
RM;12033;-1.72;-1.73;7.49;0.00;0;0;0;0;16;99797.82;28.98;7552;
RM;12053;-1.71;-1.73;7.47;0.00;0;0;0;0;15;99797.70;28.97;7585;
RM;12073;-1.84;-1.74;7.50;0.00;0;0;0;0;15;99799.22;28.98;7585;
RM;12093;-2.19;-1.77;7.47;0.00;0;0;0;0;15;99803.35;28.98;7618;
RM;12113;-1.49;-1.75;7.50;0.00;0;0;0;0;15;99795.06;28.98;7618;
RM;12149;-1.61;-1.73;7.47;0.00;0;0;0;0;34;99796.45;28.98;7651;
RM;12169;-1.49;-1.71;7.49;0.00;0;0;0;0;16;99795.06;28.98;7651;
RM;12189;-2.01;-1.74;7.67;0.00;0;0;0;0;15;99801.22;28.97;7684;
RM;12213;-1.32;-1.70;7.47;0.00;0;0;0;0;22;99793.07;28.98;7684;
RM;12233;-1.44;-1.67;7.47;0.00;0;0;0;0;14;99794.45;28.98;7717;
RM;12253;-1.37;-1.64;7.46;0.00;0;0;0;0;16;99793.68;28.98;7717;
RM;12273;-1.67;-1.64;7.46;0.00;0;0;0;0;15;99797.23;28.98;7750;
RM;12293;-1.85;-1.66;7.46;0.00;0;0;0;0;16;99799.34;28.99;7750;
RM;12313;-1.97;-1.69;7.50;0.00;0;0;0;0;15;99800.72;28.99;7783;
RM;12333;-2.07;-1.73;7.50;0.00;0;0;0;0;16;99801.98;28.98;7783;
RM;12353;-1.96;-1.76;7.65;0.00;0;0;0;0;15;99800.59;28.98;7816;
RM;12377;-1.67;-1.75;7.47;0.00;0;0;0;0;22;99797.23;28.98;7816;
RM;12397;-2.02;-1.77;7.50;0.00;0;0;0;0;15;99801.38;28.98;7849;
RM;12417;-1.79;-1.78;7.50;0.00;0;0;0;0;15;99798.60;28.98;7849;
RM;12437;-1.73;-1.77;7.50;0.00;0;0;0;0;15;99797.95;28.99;7882;
RM;12457;-2.19;-1.81;7.50;0.00;0;0;0;0;15;99803.35;28.98;7882;
RM;12477;-1.67;-1.79;7.49;0.00;0;0;0;0;15;99797.23;28.98;7915;
RM;12497;-2.14;-1.83;7.68;0.00;0;0;0;0;15;99802.76;28.98;7915;
RM;12517;-2.08;-1.85;7.50;0.00;0;0;0;0;16;99802.10;28.99;7948;
RM;12551;-1.85;-1.85;7.65;0.00;0;0;0;0;32;99799.34;28.99;7981;
RM;12571;-2.08;-1.87;7.52;0.00;0;0;0;0;15;99802.10;28.99;7981;
RM;12591;-1.79;-1.86;7.50;0.00;0;0;0;0;16;99798.60;28.98;8014;
RM;12611;-1.61;-1.84;7.50;0.00;0;0;0;0;15;99796.45;28.98;8014;
RM;12635;-1.51;-1.81;7.47;0.00;0;0;0;0;21;99795.31;29.00;8047;
RM;12655;-1.97;-1.83;7.50;0.00;0;0;0;0;14;99800.72;28.99;8047;
RM;12678;-1.90;-1.83;7.47;0.00;0;0;0;0;21;99799.98;28.98;8080;
RM;12715;-2.27;-1.87;7.61;0.00;0;0;0;0;34;99804.24;28.99;8113;
RM;12738;-1.68;-1.85;7.47;0.00;0;0;0;0;19;99797.33;28.99;8113;
RM;12758;-1.74;-1.84;7.47;0.00;0;0;0;0;15;99798.09;29.00;8146;
RM;12778;-1.62;-1.82;7.50;0.00;0;0;0;0;15;99796.57;28.99;8146;
RM;12798;-2.08;-1.85;7.50;0.00;0;0;0;0;15;99802.10;28.99;8179;
RM;12818;-1.85;-1.85;7.50;0.00;0;0;0;0;15;99799.34;28.99;8179;
RM;12838;-1.49;-1.82;7.50;0.00;0;0;0;0;15;99795.06;28.98;8212;
RM;12858;-1.86;-1.82;7.65;0.00;0;0;0;0;16;99799.46;29.00;8212;
RM;12878;-1.98;-1.83;7.53;0.00;0;0;0;0;15;99800.85;29.00;8245;
RM;12902;-1.74;-1.83;7.47;0.00;0;0;0;0;22;99798.09;29.00;8245;
RM;12922;-1.74;-1.82;7.50;0.00;0;0;0;0;14;99798.09;29.00;8278;
RM;12942;-1.86;-1.82;7.50;0.00;0;0;0;0;16;99799.46;29.00;8278;
RM;12962;-1.99;-1.83;7.50;0.00;0;0;0;0;15;99800.98;29.01;8311;
RM;12982;-1.86;-1.84;7.50;0.00;0;0;0;0;16;99799.46;29.00;8311;
RM;13002;-1.86;-1.84;7.50;0.00;0;0;0;0;15;99799.46;29.00;8344;
RM;13022;-2.09;-1.85;7.68;0.00;0;0;0;0;16;99802.23;29.00;8344;
RM;13042;-1.92;-1.86;7.49;0.00;0;0;0;0;15;99800.23;29.00;8377;
RM;13066;-1.75;-1.85;7.45;0.00;0;0;0;0;22;99798.23;29.01;8377;
RM;13086;-1.81;-1.85;7.49;0.00;0;0;0;0;14;99798.84;29.00;8410;
RM;13106;-1.46;-1.82;7.50;0.00;0;0;0;0;16;99794.70;29.00;8410;
RM;13126;-1.57;-1.81;7.50;0.00;0;0;0;0;15;99796.09;29.00;8443;
RM;13146;-1.74;-1.80;7.50;0.00;0;0;0;0;16;99798.09;29.00;8443;
RM;13174;-1.74;-1.80;7.47;0.00;0;0;0;0;26;99798.09;29.00;8476;
RM;13194;-1.75;-1.80;7.49;0.00;0;0;0;0;16;99798.23;29.01;8476;
RM;13214;-1.75;-1.79;7.50;0.00;0;0;0;0;15;99798.23;29.01;8509;
RM;13238;-1.63;-1.78;7.47;0.00;0;0;0;0;22;99796.70;29.00;8509;
RM;13275;-1.40;-1.76;7.65;0.00;0;0;0;0;33;99793.94;29.00;8542;
RM;13295;-1.65;-1.75;7.64;0.00;0;0;0;0;14;99796.95;29.02;8542;
RM;13315;-1.75;-1.75;7.49;0.00;0;0;0;0;16;99798.23;29.01;8575;
RM;13335;-1.29;-1.72;7.47;0.00;0;0;0;0;15;99792.70;29.01;8575;
RM;13359;-1.98;-1.74;7.47;0.00;0;0;0;0;21;99800.85;29.00;8608;
RM;13379;-1.94;-1.76;7.50;0.00;0;0;0;0;14;99800.37;29.01;8608;
RM;13399;-1.69;-1.75;7.49;0.00;0;0;0;0;15;99797.47;29.00;8641;
RM;13422;-1.87;-1.76;7.50;0.00;0;0;0;0;21;99799.60;29.01;8641;
RM;13442;-1.75;-1.76;7.50;0.00;0;0;0;0;15;99798.23;29.01;8674;
RM;13464;-2.05;-1.78;7.46;0.00;0;0;0;0;20;99801.74;29.01;8674;
RM;13484;-1.88;-1.79;7.49;0.00;0;0;0;0;16;99799.71;29.02;8707;
RM;13504;-1.53;-1.77;7.50;0.00;0;0;0;0;15;99795.55;29.02;8707;
RM;13524;-2.17;-1.80;7.47;0.00;0;0;0;0;15;99803.13;29.01;8740;
RM;13544;-1.65;-1.79;7.49;0.00;0;0;0;0;15;99796.95;29.02;8740;
RM;13564;-1.75;-1.78;7.50;0.00;0;0;0;0;15;99798.23;29.01;8773;
RM;13584;-2.06;-1.80;7.67;0.00;0;0;0;0;16;99801.86;29.02;8773;
RM;13628;-2.23;-1.84;7.62;0.00;0;0;0;0;42;99803.86;29.02;8806;
RM;13648;-2.11;-1.86;7.64;0.00;0;0;0;0;15;99802.48;29.02;8806;
RM;13668;-1.70;-1.85;7.55;0.00;0;0;0;0;16;99797.59;29.01;8839;
RM;13688;-2.11;-1.87;7.50;0.00;0;0;0;0;15;99802.37;29.01;8839;
RM;13708;-1.82;-1.87;7.49;0.00;0;0;0;0;16;99798.97;29.01;8872;
RM;13728;-1.71;-1.85;7.50;0.00;0;0;0;0;15;99797.71;29.02;8872;
RM;13748;-1.88;-1.86;7.49;0.00;0;0;0;0;16;99799.71;29.02;8905;
RM;13776;-1.94;-1.86;7.47;0.00;0;0;0;0;26;99800.48;29.02;8938;
RM;13801;-1.78;-1.86;7.47;0.00;0;0;0;0;22;99798.46;29.03;8938;
RM;13821;-2.53;-1.91;7.49;0.00;0;0;0;0;14;99807.39;29.02;8971;
RM;13857;-1.94;-1.91;7.42;0.00;0;0;0;0;33;99800.48;29.02;9004;
RM;13877;-2.00;-1.92;7.46;0.00;0;0;0;0;16;99801.09;29.02;9004;
RM;13897;-2.11;-1.93;7.45;0.00;0;0;0;0;15;99802.48;29.02;9037;
RM;13917;-1.78;-1.92;7.49;0.00;0;0;0;0;16;99798.46;29.03;9037;
RM;13937;-2.18;-1.94;7.67;0.00;0;0;0;0;15;99803.23;29.02;9070;
RM;13957;-1.94;-1.94;7.67;0.00;0;0;0;0;16;99800.48;29.02;9070;
RM;13980;-2.01;-1.95;7.47;0.00;0;0;0;0;21;99801.23;29.03;9103;
RM;14000;-2.01;-1.95;7.49;0.00;0;0;0;0;16;99801.23;29.03;9103;
RM;14020;-2.25;-1.97;7.50;0.00;0;0;0;0;15;99804.00;29.03;9136;
RM;14040;-1.83;-1.96;7.49;0.00;0;0;0;0;16;99799.09;29.02;9136;
RM;14060;-1.77;-1.95;7.49;0.00;0;0;0;0;15;99798.33;29.02;9169;
RM;14090;-1.77;-1.93;7.46;0.00;0;0;0;0;28;99798.33;29.02;9202;
RM;14110;-1.77;-1.92;7.49;0.00;0;0;0;0;15;99798.33;29.02;9202;
RM;14130;-2.19;-1.94;7.47;0.00;0;0;0;0;16;99803.38;29.03;9235;
RM;14153;-1.53;-1.91;7.62;0.00;0;0;0;0;21;99795.55;29.02;9235;
RM;14173;-1.66;-1.89;7.67;0.00;0;0;0;0;15;99797.09;29.03;9268;
RM;14193;-1.67;-1.87;7.50;0.00;0;0;0;0;15;99797.22;29.04;9268;
RM;14216;-1.84;-1.86;7.46;0.00;0;0;0;0;21;99799.23;29.03;9301;
RM;14236;-1.48;-1.83;7.49;0.00;0;0;0;0;15;99794.95;29.02;9301;
RM;14256;-1.84;-1.83;7.49;0.00;0;0;0;0;16;99799.23;29.03;9334;
RM;14276;-1.43;-1.80;7.49;0.00;0;0;0;0;15;99794.32;29.03;9334;
RM;14296;-1.49;-1.77;7.49;0.00;0;0;0;0;16;99795.08;29.03;9367;
RM;14319;-1.71;-1.77;7.49;0.00;0;0;0;0;21;99797.71;29.02;9367;
RM;14339;-1.90;-1.78;7.49;0.00;0;0;0;0;15;99799.98;29.04;9400;
RM;14359;-1.26;-1.73;7.49;0.00;0;0;0;0;15;99792.31;29.03;9400;
RM;14379;-1.96;-1.76;7.47;0.00;0;0;0;0;15;99800.62;29.03;9433;
RM;14426;-1.26;-1.71;7.64;0.00;0;0;0;0;45;99792.31;29.03;9466;
RM;14446;-1.79;-1.71;7.50;0.00;0;0;0;0;15;99798.60;29.04;9466;
RM;14466;-1.15;-1.66;7.49;0.00;0;0;0;0;16;99791.07;29.04;9499;
RM;14486;-1.31;-1.62;7.49;0.00;0;0;0;0;15;99792.93;29.03;9499;
RM;14510;-1.74;-1.63;7.47;0.00;0;0;0;0;22;99797.99;29.04;9532;
RM;14530;-1.55;-1.62;7.49;0.00;0;0;0;0;15;99795.84;29.04;9532;
RM;14550;-1.90;-1.65;7.49;0.00;0;0;0;0;15;99799.98;29.04;9565;
RM;14570;-1.20;-1.60;7.65;0.00;0;0;0;0;15;99791.70;29.04;9565;
RM;14590;-1.66;-1.61;7.50;0.00;0;0;0;0;15;99797.09;29.03;9598;
RM;14610;-1.54;-1.60;7.50;0.00;0;0;0;0;15;99795.70;29.03;9598;
RM;14630;-1.67;-1.61;7.46;0.00;0;0;0;0;15;99797.22;29.04;9631;
RM;14650;-1.44;-1.59;7.46;0.00;0;0;0;0;16;99794.45;29.04;9631;
RM;14673;-1.50;-1.59;7.46;0.00;0;0;0;0;21;99795.22;29.04;9664;
RM;14693;-1.50;-1.58;7.49;0.00;0;0;0;0;16;99795.22;29.04;9664;
RM;14713;-1.44;-1.57;7.49;0.00;0;0;0;0;15;99794.45;29.04;9697;
RM;14733;-1.37;-1.55;7.65;0.00;0;0;0;0;16;99793.70;29.03;9697;
RM;14753;-1.80;-1.57;7.47;0.00;0;0;0;0;15;99798.73;29.05;9730;
RM;14773;-1.33;-1.55;7.50;0.00;0;0;0;0;16;99793.21;29.05;9730;
RM;14796;-1.68;-1.56;7.47;0.00;0;0;0;0;20;99797.36;29.05;9763;
RM;14816;-2.02;-1.60;7.49;0.00;0;0;0;0;15;99801.38;29.04;9763;
RM;14839;-1.67;-1.61;7.46;0.00;0;0;0;0;21;99797.22;29.04;9796;
RM;14859;-1.50;-1.60;7.49;0.00;0;0;0;0;16;99795.22;29.04;9796;
RM;14879;-2.09;-1.64;7.64;0.00;0;0;0;0;15;99802.13;29.04;9829;
RM;14899;-1.87;-1.66;7.49;0.00;0;0;0;0;16;99799.50;29.05;9829;
RM;14919;-1.63;-1.66;7.49;0.00;0;0;0;0;15;99796.73;29.05;9862;
RM;14939;-1.87;-1.68;7.49;0.00;0;0;0;0;16;99799.50;29.05;9862;
RM;14974;-1.75;-1.68;7.46;0.00;0;0;0;0;33;99798.12;29.05;9895;
RM;14998;-1.93;-1.70;7.45;0.00;0;0;0;0;20;99800.27;29.06;9895;
RM;15019;-1.93;-1.72;7.49;0.00;0;0;0;0;15;99800.27;29.06;9928;
RM;15053;-2.10;-1.76;7.46;0.00;0;0;0;0;32;99802.26;29.05;9961;
RM;15073;-1.80;-1.76;7.47;0.00;0;0;0;0;16;99798.73;29.05;9961;
RM;15093;-1.80;-1.77;7.49;0.00;0;0;0;0;15;99798.73;29.05;9994;
RM;15113;-2.10;-1.79;7.65;0.00;0;0;0;0;16;99802.26;29.05;9994;
RM;15133;-1.68;-1.78;7.46;0.00;0;0;0;0;15;99797.36;29.05;10027;
RM;15153;-1.81;-1.79;7.46;0.00;0;0;0;0;16;99798.88;29.06;10027;
RM;15173;-2.05;-1.81;7.46;0.00;0;0;0;0;15;99801.65;29.06;10060;
RM;15193;-1.58;-1.79;7.49;0.00;0;0;0;0;16;99796.12;29.06;10060;
RM;15216;-1.46;-1.76;7.46;0.00;0;0;0;0;21;99794.73;29.06;10093;
RM;15236;-1.81;-1.76;7.47;0.00;0;0;0;0;16;99798.88;29.06;10093;
RM;15256;-1.81;-1.77;7.49;0.00;0;0;0;0;15;99798.88;29.06;10126;
RM;15276;-2.10;-1.79;7.65;0.00;0;0;0;0;15;99802.26;29.05;10126;
RM;15296;-2.03;-1.81;7.46;0.00;0;0;0;0;15;99801.51;29.05;10159;
RM;15316;-1.99;-1.83;7.49;0.00;0;0;0;0;15;99801.02;29.06;10159;
RM;15336;-2.35;-1.87;7.49;0.00;0;0;0;0;15;99805.27;29.07;10192;
RM;15356;-1.64;-1.85;7.49;0.00;0;0;0;0;15;99796.88;29.06;10192;
RM;15379;-1.81;-1.85;7.46;0.00;0;0;0;0;21;99798.88;29.06;10225;
RM;15399;-1.82;-1.85;7.49;0.00;0;0;0;0;15;99799.01;29.07;10225;
RM;15419;-1.93;-1.85;7.49;0.00;0;0;0;0;16;99800.27;29.06;10258;
RM;15439;-1.52;-1.83;7.65;0.00;0;0;0;0;15;99795.48;29.06;10258;
RM;15459;-1.99;-1.84;7.49;0.00;0;0;0;0;16;99801.02;29.06;10291;
RM;15479;-1.58;-1.82;7.49;0.00;0;0;0;0;15;99796.12;29.06;10291;
RM;15503;-1.87;-1.82;7.46;0.00;0;0;0;0;21;99799.50;29.05;10324;
RM;15539;-1.99;-1.84;7.43;0.00;0;0;0;0;33;99801.02;29.06;10357;
RM;15562;-1.88;-1.84;7.46;0.00;0;0;0;0;19;99799.64;29.06;10357;
RM;15582;-1.58;-1.82;7.49;0.00;0;0;0;0;16;99796.12;29.06;10390;
RM;15602;-2.06;-1.84;7.65;0.00;0;0;0;0;15;99801.77;29.07;10390;
RM;15622;-1.94;-1.85;7.47;0.00;0;0;0;0;16;99800.39;29.07;10423;
RM;15642;-1.71;-1.84;7.49;0.00;0;0;0;0;15;99797.62;29.07;10423;
RM;15671;-1.76;-1.83;7.46;0.00;0;0;0;0;27;99798.25;29.06;10456;
RM;15691;-1.48;-1.80;7.61;0.00;0;0;0;0;15;99794.98;29.08;10456;
RM;15711;-2.06;-1.82;7.64;0.00;0;0;0;0;16;99801.77;29.07;10489;
RM;15734;-2.00;-1.84;7.46;0.00;0;0;0;0;21;99801.13;29.07;10489;
RM;15757;-2.00;-1.85;7.46;0.00;0;0;0;0;20;99801.13;29.07;10522;
RM;15777;-2.00;-1.87;7.46;0.00;0;0;0;0;15;99801.13;29.07;10522;
RM;15797;-1.59;-1.84;7.49;0.00;0;0;0;0;16;99796.24;29.07;10555;
RM;15817;-1.46;-1.81;7.64;0.00;0;0;0;0;15;99794.73;29.06;10555;
RM;15837;-1.29;-1.76;7.67;0.00;0;0;0;0;16;99792.72;29.06;10588;
RM;15857;-1.65;-1.75;7.49;0.00;0;0;0;0;15;99796.98;29.07;10588;
RM;15877;-1.94;-1.77;7.47;0.00;0;0;0;0;16;99800.39;29.07;10621;
RM;15900;-2.06;-1.80;7.46;0.00;0;0;0;0;21;99801.77;29.07;10621;
RM;15920;-1.95;-1.81;7.49;0.00;0;0;0;0;15;99800.51;29.08;10654;
RM;15940;-1.82;-1.81;7.49;0.00;0;0;0;0;15;99799.01;29.07;10654;
RM;15960;-1.52;-1.79;7.49;0.00;0;0;0;0;16;99795.48;29.06;10687;
RM;15980;-1.47;-1.76;7.65;0.00;0;0;0;0;15;99794.86;29.07;10687;
RM;16000;-2.06;-1.79;7.67;0.00;0;0;0;0;15;99801.77;29.07;10720;
RM;16020;-2.00;-1.81;7.50;0.00;0;0;0;0;15;99801.13;29.07;10720;
RM;16040;-2.42;-1.87;7.49;0.00;0;0;0;0;15;99806.04;29.08;10753;
RM;16064;-1.91;-1.87;7.46;0.00;0;0;0;0;21;99800.02;29.09;10753;
RM;16100;-1.83;-1.87;7.46;0.00;0;0;0;0;33;99799.13;29.08;10786;
RM;16120;-2.01;-1.88;7.47;0.00;0;0;0;0;15;99801.27;29.08;10786;
RM;16140;-1.29;-1.83;7.49;0.00;0;0;0;0;16;99792.72;29.06;10819;
RM;16160;-1.71;-1.81;7.47;0.00;0;0;0;0;15;99797.62;29.07;10819;
RM;16180;-2.18;-1.85;7.65;0.00;0;0;0;0;16;99803.27;29.08;10852;
RM;16200;-1.71;-1.84;7.49;0.00;0;0;0;0;15;99797.62;29.07;10852;
RM;16224;-1.94;-1.85;7.46;0.00;0;0;0;0;21;99800.39;29.07;10885;
RM;16248;-1.59;-1.82;7.46;0.00;0;0;0;0;20;99796.24;29.07;10885;
RM;16268;-2.07;-1.85;7.47;0.00;0;0;0;0;16;99801.89;29.08;10918;
RM;16296;-1.71;-1.83;7.45;0.00;0;0;0;0;26;99797.73;29.08;10951;
RM;16316;-1.43;-1.79;7.47;0.00;0;0;0;0;15;99794.35;29.08;10951;
RM;16336;-1.25;-1.74;7.49;0.00;0;0;0;0;15;99792.20;29.08;10984;
RM;16356;-1.71;-1.73;7.45;0.00;0;0;0;0;16;99797.62;29.07;10984;
RM;16376;-1.77;-1.74;7.47;0.00;0;0;0;0;15;99798.36;29.07;11017;
RM;16396;-1.95;-1.76;7.64;0.00;0;0;0;0;16;99800.51;29.08;11017;
RM;16419;-2.18;-1.80;7.46;0.00;0;0;0;0;21;99803.27;29.08;11050;
RM;16439;-1.48;-1.76;7.47;0.00;0;0;0;0;16;99794.98;29.08;11050;
RM;16459;-2.08;-1.80;7.49;0.00;0;0;0;0;15;99802.02;29.09;11083;
RM;16479;-1.60;-1.78;7.47;0.00;0;0;0;0;16;99796.36;29.08;11083;
RM;16499;-1.25;-1.72;7.49;0.00;0;0;0;0;15;99792.20;29.08;11116;
RM;16522;-2.18;-1.77;7.62;0.00;0;0;0;0;21;99803.27;29.08;11116;
RM;16542;-1.65;-1.76;7.65;0.00;0;0;0;0;15;99796.98;29.07;11149;
RM;16562;-1.96;-1.78;7.49;0.00;0;0;0;0;16;99800.65;29.09;11149;
RM;16585;-2.14;-1.83;7.46;0.00;0;0;0;0;21;99802.79;29.09;11182;
RM;16605;-1.78;-1.82;7.47;0.00;0;0;0;0;16;99798.51;29.08;11182;
RM;16625;-1.84;-1.82;7.45;0.00;0;0;0;0;15;99799.27;29.09;11215;
RM;16661;-2.09;-1.85;7.46;0.00;0;0;0;0;34;99802.16;29.10;11248;
RM;16681;-2.08;-1.87;7.47;0.00;0;0;0;0;15;99802.02;29.09;11248;
RM;16701;-1.78;-1.86;7.47;0.00;0;0;0;0;15;99798.51;29.08;11281;
RM;16721;-1.19;-1.80;7.65;0.00;0;0;0;0;15;99791.59;29.08;11281;
RM;16741;-1.73;-1.79;7.64;0.00;0;0;0;0;16;99797.88;29.09;11314;
RM;16773;-1.48;-1.76;7.45;0.00;0;0;0;0;29;99794.98;29.08;11347;
RM;16793;-1.43;-1.72;7.47;0.00;0;0;0;0;14;99794.35;29.08;11347;
RM;16813;-1.61;-1.71;7.62;0.00;0;0;0;0;16;99796.49;29.09;11380;
RM;16833;-1.49;-1.69;7.49;0.00;0;0;0;0;15;99795.12;29.09;11380;
RM;16854;-1.61;-1.68;7.45;0.00;0;0;0;0;15;99796.49;29.09;11413;
RM;16874;-1.55;-1.66;7.47;0.00;0;0;0;0;15;99795.75;29.08;11413;
RM;16894;-1.73;-1.67;7.47;0.00;0;0;0;0;15;99797.88;29.09;11446;
RM;16923;-1.73;-1.68;7.46;0.00;0;0;0;0;26;99797.88;29.09;11479;
RM;16957;-1.61;-1.67;7.62;0.00;0;0;0;0;31;99796.49;29.09;11512;
RM;16977;-1.68;-1.67;7.49;0.00;0;0;0;0;14;99797.25;29.09;11512;
RM;16997;-1.44;-1.65;7.47;0.00;0;0;0;0;16;99794.48;29.09;11545;
RM;17017;-1.51;-1.64;7.49;0.00;0;0;0;0;15;99795.26;29.10;11545;
RM;17037;-1.37;-1.62;7.47;0.00;0;0;0;0;16;99793.73;29.09;11578;
RM;17057;-1.74;-1.63;7.47;0.00;0;0;0;0;15;99798.02;29.10;11578;
RM;17077;-1.49;-1.62;7.45;0.00;0;0;0;0;16;99795.12;29.09;11611;
RM;17097;-1.13;-1.58;7.47;0.00;0;0;0;0;15;99790.83;29.08;11611;
RM;17121;-1.27;-1.56;7.47;0.00;0;0;0;0;22;99792.49;29.10;11644;
RM;17141;-1.20;-1.52;7.49;0.00;0;0;0;0;15;99791.72;29.09;11644;
RM;17161;-1.15;-1.49;7.45;0.00;0;0;0;0;16;99791.10;29.10;11677;
RM;17181;-1.10;-1.45;7.45;0.00;0;0;0;0;15;99790.45;29.10;11677;
RM;17201;-1.51;-1.45;7.45;0.00;0;0;0;0;16;99795.26;29.10;11710;
RM;17236;-1.15;-1.42;7.45;0.00;0;0;0;0;33;99791.10;29.10;11743;
RM;17256;-1.27;-1.41;7.46;0.00;0;0;0;0;15;99792.49;29.10;11743;
RM;17276;-1.14;-1.38;7.47;0.00;0;0;0;0;15;99790.97;29.09;11776;
RM;17300;-0.92;-1.33;7.62;0.00;0;0;0;0;22;99788.34;29.10;11776;
RM;17324;-1.10;-1.31;7.46;0.00;0;0;0;0;21;99790.45;29.10;11809;
RM;17344;-1.39;-1.32;7.47;0.00;0;0;0;0;15;99793.87;29.10;11809;
RM;17364;-0.97;-1.28;7.47;0.00;0;0;0;0;15;99788.95;29.09;11842;
RM;17384;-1.15;-1.27;7.47;0.00;0;0;0;0;15;99791.10;29.10;11842;
RM;17404;-1.15;-1.25;7.47;0.00;0;0;0;0;15;99791.10;29.10;11875;
RM;17424;-1.32;-1.26;7.45;0.00;0;0;0;0;16;99793.10;29.09;11875;
RM;17444;-1.04;-1.24;7.64;0.00;0;0;0;0;15;99789.72;29.10;11908;
RM;17468;-0.92;-1.21;7.46;0.00;0;0;0;0;22;99788.34;29.10;11908;
RM;17488;-1.10;-1.20;7.47;0.00;0;0;0;0;14;99790.45;29.10;11941;
RM;17508;-1.27;-1.21;7.47;0.00;0;0;0;0;16;99792.49;29.10;11941;
RM;17528;-1.04;-1.19;7.47;0.00;0;0;0;0;15;99789.72;29.10;11974;
RM;17557;-1.09;-1.18;7.45;0.00;0;0;0;0;27;99790.34;29.09;12007;
RM;17577;-0.92;-1.16;7.47;0.00;0;0;0;0;15;99788.34;29.10;12007;
RM;17597;-1.75;-1.21;7.47;0.00;0;0;0;0;15;99798.13;29.11;12040;
RM;17617;-0.91;-1.18;7.47;0.00;0;0;0;0;15;99788.20;29.09;12040;
RM;17647;-0.75;-1.14;7.46;0.00;0;0;0;0;28;99786.30;29.10;12073;
RM;17667;-1.22;-1.14;7.47;0.00;0;0;0;0;15;99791.83;29.10;12073;
RM;17687;-1.16;-1.15;7.47;0.00;0;0;0;0;15;99791.21;29.11;12106;
RM;17707;-0.98;-1.13;7.47;0.00;0;0;0;0;15;99789.06;29.10;12106;
RM;17727;-1.40;-1.16;7.47;0.00;0;0;0;0;15;99793.98;29.11;12139;
RM;17747;-1.23;-1.16;7.47;0.00;0;0;0;0;15;99791.96;29.11;12139;
RM;17767;-0.93;-1.14;7.43;0.00;0;0;0;0;15;99788.45;29.11;12172;
RM;17803;-0.81;-1.11;7.45;0.00;0;0;0;0;34;99787.06;29.11;12205;
RM;17827;-1.11;-1.11;7.46;0.00;0;0;0;0;21;99790.59;29.11;12205;
RM;17847;-0.81;-1.09;7.47;0.00;0;0;0;0;15;99787.06;29.11;12238;
RM;17867;-0.93;-1.07;7.47;0.00;0;0;0;0;15;99788.45;29.11;12238;
RM;17887;-0.45;-1.02;7.47;0.00;0;0;0;0;16;99782.80;29.10;12271;
RM;17907;-0.93;-1.01;7.47;0.00;0;0;0;0;15;99788.45;29.11;12271;
RM;17927;-0.76;-0.98;7.47;0.00;0;0;0;0;16;99786.43;29.11;12304;
RM;17947;-0.46;-0.93;7.47;0.00;0;0;0;0;15;99782.91;29.11;12304;
RM;17967;-0.76;-0.91;7.45;0.00;0;0;0;0;16;99786.43;29.11;12337;
RM;17990;-1.23;-0.95;7.46;0.00;0;0;0;0;21;99791.96;29.11;12337;
RM;18010;-0.70;-0.92;7.47;0.00;0;0;0;0;16;99785.68;29.11;12370;
RM;18030;-0.70;-0.89;7.47;0.00;0;0;0;0;15;99785.68;29.11;12370;
RM;18050;-0.89;-0.89;7.45;0.00;0;0;0;0;16;99787.98;29.12;12403;
RM;18070;-0.64;-0.87;7.47;0.00;0;0;0;0;15;99785.05;29.11;12403;
RM;18093;-0.41;-0.82;7.45;0.00;0;0;0;0;21;99782.28;29.11;12436;
RM;18113;-0.58;-0.80;7.58;0.00;0;0;0;0;15;99784.29;29.11;12436;
RM;18134;-0.58;-0.77;7.62;0.00;0;0;0;0;15;99784.29;29.11;12469;
RM;18156;-1.06;-0.80;7.45;0.00;0;0;0;0;20;99789.98;29.12;12469;
RM;18186;-0.58;-0.78;7.58;0.00;0;0;0;0;27;99784.29;29.11;12502;
RM;18206;-0.72;-0.77;7.46;0.00;0;0;0;0;15;99785.98;29.13;12502;
RM;18226;-0.64;-0.76;7.45;0.00;0;0;0;0;16;99785.05;29.11;12535;
RM;18246;-0.36;-0.72;7.47;0.00;0;0;0;0;15;99781.69;29.12;12535;
RM;18266;-0.23;-0.67;7.47;0.00;0;0;0;0;16;99780.15;29.11;12568;
RM;18286;-0.48;-0.65;7.47;0.00;0;0;0;0;15;99783.07;29.12;12568;
RM;18306;-0.67;-0.65;7.47;0.00;0;0;0;0;16;99785.31;29.13;12601;
RM;18327;-0.94;-0.68;7.45;0.00;0;0;0;0;19;99788.60;29.12;12601;
RM;18369;-0.41;-0.65;7.64;0.00;0;0;0;0;39;99782.28;29.11;12634;
RM;18390;-0.49;-0.63;7.61;0.00;0;0;0;0;15;99783.20;29.13;12634;
RM;18410;-0.48;-0.62;7.49;0.00;0;0;0;0;15;99783.07;29.12;12667;
RM;18430;-0.29;-0.58;7.47;0.00;0;0;0;0;15;99780.90;29.11;12667;
RM;18450;-0.72;-0.60;7.47;0.00;0;0;0;0;15;99785.98;29.13;12700;
RM;18470;-0.37;-0.57;7.47;0.00;0;0;0;0;15;99781.83;29.13;12700;
RM;18490;-0.24;-0.54;7.43;0.00;0;0;0;0;16;99780.31;29.12;12733;
RM;18513;0.11;-0.47;7.45;0.00;0;0;0;0;21;99776.16;29.12;12733;
RM;18533;-0.29;-0.45;7.46;0.00;0;0;0;0;15;99780.90;29.11;12765;
RM;18553;-0.24;-0.43;7.45;0.00;0;0;0;0;15;99780.31;29.12;12765;
RM;18573;-0.24;-0.41;7.45;0.00;0;0;0;0;16;99780.31;29.12;12798;
RM;18593;-0.48;-0.41;7.43;0.00;0;0;0;0;15;99783.07;29.12;12798;
RM;18613;-0.31;-0.40;7.43;0.00;0;0;0;0;16;99781.05;29.12;12831;
RM;18633;-0.42;-0.40;7.47;0.00;0;0;0;0;15;99782.45;29.12;12831;
RM;18653;-0.29;-0.39;7.46;0.00;0;0;0;0;16;99780.90;29.11;12864;
RM;18676;-0.36;-0.39;7.45;0.00;0;0;0;0;21;99781.69;29.12;12864;
RM;18696;-0.59;-0.41;7.46;0.00;0;0;0;0;15;99784.45;29.12;12897;
RM;18716;0.17;-0.36;7.59;0.00;0;0;0;0;15;99775.52;29.12;12897;
RM;18736;-0.54;-0.38;7.47;0.00;0;0;0;0;16;99783.83;29.12;12929;
RM;18756;-0.25;-0.37;7.47;0.00;0;0;0;0;15;99780.45;29.13;12929;
RM;18776;-0.19;-0.35;7.47;0.00;0;0;0;0;16;99779.68;29.12;12962;
RM;18811;-0.25;-0.34;7.45;0.00;0;0;0;0;33;99780.45;29.13;12995;
RM;18831;-0.54;-0.36;7.46;0.00;0;0;0;0;16;99783.83;29.12;12995;
RM;18860;-0.36;-0.36;7.62;0.00;0;0;0;0;27;99781.69;29.12;13028;
RM;18880;-0.17;-0.34;7.47;0.00;0;0;0;0;15;99779.52;29.11;13028;
RM;18900;-0.37;-0.35;7.47;0.00;0;0;0;0;15;99781.83;29.13;13061;
RM;18936;-0.72;-0.37;7.45;0.00;0;0;0;0;33;99785.98;29.13;13094;
RM;18956;-0.72;-0.40;7.46;0.00;0;0;0;0;16;99785.98;29.13;13094;
RM;18976;-0.37;-0.40;7.46;0.00;0;0;0;0;15;99781.83;29.13;13127;
RM;18996;-0.24;-0.39;7.46;0.00;0;0;0;0;16;99780.31;29.12;13127;
RM;19016;-0.72;-0.41;7.46;0.00;0;0;0;0;15;99785.98;29.13;13160;
RM;19040;-0.13;-0.39;7.59;0.00;0;0;0;0;22;99778.92;29.12;13160;
RM;19060;-0.54;-0.40;7.49;0.00;0;0;0;0;14;99783.83;29.12;13193;
RM;19084;-0.43;-0.40;7.45;0.00;0;0;0;0;21;99782.55;29.13;13193;
RM;19104;-0.36;-0.40;7.46;0.00;0;0;0;0;15;99781.69;29.12;13226;
RM;19124;-0.24;-0.39;7.47;0.00;0;0;0;0;16;99780.31;29.12;13226;
RM;19144;-0.37;-0.39;7.46;0.00;0;0;0;0;15;99781.83;29.13;13259;
RM;19164;-0.54;-0.40;7.46;0.00;0;0;0;0;16;99783.83;29.12;13259;
RM;19184;-0.25;-0.39;7.62;0.00;0;0;0;0;15;99780.45;29.13;13292;
RM;19208;-0.37;-0.39;7.45;0.00;0;0;0;0;22;99781.83;29.13;13292;
RM;19228;-0.60;-0.40;7.46;0.00;0;0;0;0;14;99784.60;29.13;13325;
RM;19248;-0.19;-0.39;7.46;0.00;0;0;0;0;16;99779.68;29.12;13325;
RM;19268;-0.72;-0.41;7.46;0.00;0;0;0;0;15;99785.98;29.13;13358;
RM;19288;-0.61;-0.43;7.46;0.00;0;0;0;0;16;99784.70;29.14;13358;
RM;19308;-0.02;-0.39;7.43;0.00;0;0;0;0;15;99777.67;29.13;13391;
RM;19328;-0.54;-0.41;7.43;0.00;0;0;0;0;15;99783.83;29.12;13391;
RM;19348;-0.37;-0.40;7.64;0.00;0;0;0;0;15;99781.83;29.13;13424;
RM;19372;-0.60;-0.42;7.45;0.00;0;0;0;0;22;99784.60;29.13;13424;
RM;19392;-0.96;-0.46;7.46;0.00;0;0;0;0;14;99788.73;29.13;13457;
RM;19412;-0.43;-0.46;7.47;0.00;0;0;0;0;15;99782.55;29.13;13457;
RM;19441;-0.42;-0.46;7.45;0.00;0;0;0;0;26;99782.45;29.12;13490;
RM;19461;0.10;-0.41;7.46;0.00;0;0;0;0;16;99776.30;29.13;13490;
RM;19496;-0.72;-0.44;7.45;0.00;0;0;0;0;33;99785.98;29.13;13523;
RM;19516;-0.19;-0.42;7.46;0.00;0;0;0;0;15;99779.68;29.12;13523;
RM;19536;-0.31;-0.41;7.46;0.00;0;0;0;0;15;99781.16;29.13;13556;
RM;19560;-0.55;-0.42;7.45;0.00;0;0;0;0;22;99783.94;29.13;13556;
RM;19580;-0.14;-0.39;7.46;0.00;0;0;0;0;14;99779.06;29.13;13589;
RM;19600;-0.49;-0.40;7.61;0.00;0;0;0;0;16;99783.20;29.13;13589;
RM;19620;-0.08;-0.37;7.47;0.00;0;0;0;0;15;99778.40;29.13;13622;
RM;19643;-0.38;-0.37;7.45;0.00;0;0;0;0;21;99781.93;29.14;13622;
RM;19663;-0.26;-0.36;7.46;0.00;0;0;0;0;15;99780.55;29.14;13655;
RM;19683;-0.40;-0.37;7.46;0.00;0;0;0;0;16;99782.20;29.16;13655;
RM;19703;-0.26;-0.36;7.46;0.00;0;0;0;0;15;99780.55;29.14;13688;
RM;19727;-0.43;-0.37;7.62;0.00;0;0;0;0;22;99782.55;29.13;13688;
RM;19747;-0.26;-0.36;7.47;0.00;0;0;0;0;15;99780.55;29.14;13721;
RM;19767;-0.38;-0.36;7.47;0.00;0;0;0;0;16;99781.93;29.14;13721;
RM;19790;-0.43;-0.36;7.43;0.00;0;0;0;0;20;99782.55;29.13;13754;
RM;19810;-0.86;-0.40;7.43;0.00;0;0;0;0;15;99787.61;29.15;13754;
RM;19830;-0.20;-0.38;7.40;0.00;0;0;0;0;15;99779.78;29.13;13787;
RM;19850;-0.21;-0.37;7.42;0.00;0;0;0;0;16;99779.93;29.14;13787;
RM;19870;-0.26;-0.36;7.46;0.00;0;0;0;0;15;99780.55;29.14;13820;
RM;19894;-0.25;-0.35;7.45;0.00;0;0;0;0;22;99780.45;29.13;13820;
RM;19914;-0.14;-0.34;7.46;0.00;0;0;0;0;15;99779.16;29.14;13853;
RM;19934;-0.38;-0.34;7.46;0.00;0;0;0;0;16;99781.93;29.14;13853;
RM;19954;-0.31;-0.34;7.46;0.00;0;0;0;0;15;99781.16;29.13;13886;
RM;19974;-0.56;-0.35;7.46;0.00;0;0;0;0;16;99784.09;29.14;13886;
RM;19994;-0.68;-0.38;7.46;0.00;0;0;0;0;15;99785.46;29.14;13919;
RM;20014;-0.14;-0.36;7.46;0.00;0;0;0;0;16;99779.16;29.14;13919;
RM;20049;-0.87;-0.40;7.43;0.00;0;0;0;0;33;99787.73;29.16;13952;
RM;20085;-0.38;-0.40;7.43;0.00;0;0;0;0;33;99781.93;29.14;13985;
RM;20105;0.09;-0.36;7.46;0.00;0;0;0;0;16;99776.40;29.14;13985;
RM;20125;-0.79;-0.40;7.61;0.00;0;0;0;0;15;99786.85;29.14;14017;
RM;20145;-0.44;-0.40;7.47;0.00;0;0;0;0;16;99782.70;29.14;14017;
RM;20165;-0.86;-0.44;7.46;0.00;0;0;0;0;15;99787.61;29.15;14050;
RM;20185;-0.43;-0.44;7.46;0.00;0;0;0;0;16;99782.55;29.13;14050;
RM;20205;-0.44;-0.44;7.46;0.00;0;0;0;0;15;99782.70;29.14;14083;
RM;20225;-0.75;-0.47;7.46;0.00;0;0;0;0;15;99786.35;29.16;14083;
RM;20248;-0.61;-0.48;7.45;0.00;0;0;0;0;21;99784.70;29.14;14116;
RM;20268;-0.27;-0.46;7.45;0.00;0;0;0;0;16;99780.70;29.15;14116;
RM;20288;-0.73;-0.49;7.62;0.00;0;0;0;0;15;99786.09;29.14;14149;
RM;20308;-0.40;-0.48;7.47;0.00;0;0;0;0;15;99782.20;29.16;14149;
RM;20328;-0.14;-0.45;7.46;0.00;0;0;0;0;15;99779.16;29.14;14182;
RM;20348;-1.05;-0.51;7.46;0.00;0;0;0;0;15;99789.86;29.16;14182;
RM;20368;-0.52;-0.51;7.46;0.00;0;0;0;0;16;99783.59;29.16;14215;
RM;20388;-0.26;-0.48;7.46;0.00;0;0;0;0;15;99780.55;29.14;14215;
RM;20417;-0.51;-0.49;7.45;0.00;0;0;0;0;27;99783.47;29.15;14248;
RM;20438;-0.56;-0.49;7.46;0.00;0;0;0;0;15;99784.09;29.14;14248;
RM;20458;-0.56;-0.50;7.46;0.00;0;0;0;0;15;99784.09;29.14;14281;
RM;20478;-0.70;-0.51;7.46;0.00;0;0;0;0;15;99785.71;29.16;14281;
RM;20502;-0.51;-0.51;7.43;0.00;0;0;0;0;20;99783.47;29.15;14314;
RM;20523;-0.27;-0.50;7.64;0.00;0;0;0;0;14;99780.70;29.15;14314;
RM;20543;-0.62;-0.51;7.46;0.00;0;0;0;0;15;99784.84;29.15;14347;
RM;20563;-0.51;-0.51;7.45;0.00;0;0;0;0;15;99783.47;29.15;14347;
RM;20587;-0.16;-0.48;7.45;0.00;0;0;0;0;21;99779.31;29.15;14380;
RM;20624;-0.40;-0.47;7.43;0.00;0;0;0;0;34;99782.20;29.16;14413;
RM;20644;-0.05;-0.44;7.46;0.00;0;0;0;0;15;99778.06;29.16;14413;
RM;20664;-0.40;-0.44;7.43;0.00;0;0;0;0;16;99782.20;29.16;14446;
RM;20684;-0.29;-0.43;7.64;0.00;0;0;0;0;15;99780.82;29.16;14446;
RM;20713;-0.63;-0.44;7.43;0.00;0;0;0;0;27;99784.98;29.16;14479;
RM;20733;-0.47;-0.45;7.46;0.00;0;0;0;0;15;99782.94;29.16;14479;
RM;20753;-0.40;-0.44;7.46;0.00;0;0;0;0;15;99782.20;29.16;14512;
RM;20776;-0.39;-0.44;7.40;0.00;0;0;0;0;21;99782.08;29.15;14512;
RM;20796;-0.70;-0.46;7.43;0.00;0;0;0;0;15;99785.71;29.16;14545;
RM;20816;-0.64;-0.47;7.42;0.00;0;0;0;0;15;99785.08;29.17;14545;
RM;20836;-0.63;-0.48;7.40;0.00;0;0;0;0;16;99784.98;29.16;14578;
RM;20856;-1.05;-0.52;7.46;0.00;0;0;0;0;15;99789.86;29.16;14578;
RM;20876;-0.51;-0.52;7.46;0.00;0;0;0;0;16;99783.47;29.15;14611;
RM;20896;-0.40;-0.51;7.46;0.00;0;0;0;0;15;99782.20;29.16;14611;
RM;20916;-0.52;-0.51;7.43;0.00;0;0;0;0;16;99783.59;29.16;14644;
RM;20938;-0.52;-0.51;7.45;0.00;0;0;0;0;20;99783.59;29.16;14644;
RM;20958;-0.70;-0.52;7.46;0.00;0;0;0;0;16;99785.71;29.16;14677;
RM;20978;-0.40;-0.52;7.46;0.00;0;0;0;0;15;99782.20;29.16;14677;
RM;20998;-0.52;-0.52;7.46;0.00;0;0;0;0;16;99783.59;29.16;14710;
RM;21018;-0.64;-0.52;7.46;0.00;0;0;0;0;15;99785.08;29.17;14710;
RM;21038;-0.52;-0.52;7.46;0.00;0;0;0;0;16;99783.59;29.16;14743;
RM;21058;-0.52;-0.52;7.46;0.00;0;0;0;0;15;99783.59;29.16;14743;
RM;21078;-0.41;-0.52;7.46;0.00;0;0;0;0;15;99782.31;29.17;14776;
RM;21099;-0.76;-0.53;7.59;0.00;0;0;0;0;19;99786.46;29.17;14776;
RM;21120;-0.35;-0.52;7.62;0.00;0;0;0;0;15;99781.56;29.16;14809;
RM;21140;-0.47;-0.52;7.46;0.00;0;0;0;0;15;99782.94;29.16;14809;
RM;21176;-0.40;-0.51;7.58;0.00;0;0;0;0;34;99782.20;29.16;14842;
RM;21199;-0.48;-0.51;7.45;0.00;0;0;0;0;20;99783.07;29.17;14842;
RM;21223;-0.53;-0.51;7.43;0.00;0;0;0;0;21;99783.70;29.17;14875;
RM;21243;-0.82;-0.53;7.46;0.00;0;0;0;0;15;99787.22;29.17;14875;
RM;21263;-0.17;-0.51;7.43;0.00;0;0;0;0;16;99779.45;29.16;14908;
RM;21286;-0.53;-0.51;7.61;0.00;0;0;0;0;21;99783.70;29.17;14908;
RM;21306;-0.40;-0.50;7.62;0.00;0;0;0;0;15;99782.20;29.16;14941;
RM;21335;-0.48;-0.50;7.43;0.00;0;0;0;0;27;99783.07;29.17;14941;
RM;21355;-0.30;-0.49;7.45;0.00;0;0;0;0;15;99780.93;29.17;14974;
RM;21376;-0.70;-0.50;7.59;0.00;0;0;0;0;15;99785.71;29.16;14974;
RM;21396;-0.53;-0.50;7.42;0.00;0;0;0;0;15;99783.70;29.17;15007;
RM;21416;-1.06;-0.53;7.46;0.00;0;0;0;0;15;99789.98;29.17;15007;
RM;21436;-0.76;-0.55;7.46;0.00;0;0;0;0;15;99786.46;29.17;15040;
RM;21459;-0.64;-0.56;7.43;0.00;0;0;0;0;21;99785.08;29.17;15040;
RM;21479;-0.82;-0.58;7.46;0.00;0;0;0;0;14;99787.22;29.17;15073;
RM;21499;-0.53;-0.57;7.46;0.00;0;0;0;0;15;99783.70;29.17;15073;
RM;21519;-0.76;-0.59;7.46;0.00;0;0;0;0;16;99786.46;29.17;15106;
RM;21539;-0.59;-0.59;7.62;0.00;0;0;0;0;15;99784.45;29.17;15106;
RM;21559;-0.48;-0.58;7.62;0.00;0;0;0;0;16;99783.07;29.17;15139;
RM;21579;-0.30;-0.56;7.46;0.00;0;0;0;0;15;99780.93;29.17;15139;
RM;21599;-0.30;-0.54;7.46;0.00;0;0;0;0;16;99780.93;29.17;15172;
RM;21622;-0.07;-0.51;7.43;0.00;0;0;0;0;21;99778.30;29.18;15172;
RM;21642;-0.49;-0.51;7.45;0.00;0;0;0;0;15;99783.20;29.18;15205;
RM;21662;-0.31;-0.49;7.46;0.00;0;0;0;0;15;99781.07;29.18;15205;
RM;21682;-0.06;-0.46;7.46;0.00;0;0;0;0;16;99778.16;29.17;15238;
RM;21702;-0.24;-0.44;7.62;0.00;0;0;0;0;15;99780.30;29.17;15238;
RM;21738;-0.24;-0.42;7.61;0.00;0;0;0;0;34;99780.30;29.17;15271;
RM;21758;-0.49;-0.43;7.59;0.00;0;0;0;0;15;99783.20;29.18;15271;
RM;21778;-0.64;-0.44;7.61;0.00;0;0;0;0;15;99785.08;29.17;15304;
RM;21801;-0.41;-0.44;7.40;0.00;0;0;0;0;21;99782.31;29.17;15304;
RM;21821;-0.37;-0.44;7.40;0.00;0;0;0;0;14;99781.82;29.18;15337;
RM;21841;-0.48;-0.44;7.46;0.00;0;0;0;0;15;99783.07;29.17;15337;
RM;21861;-0.66;-0.45;7.46;0.00;0;0;0;0;16;99785.22;29.18;15370;
RM;21881;-0.31;-0.44;7.46;0.00;0;0;0;0;15;99781.07;29.18;15370;
RM;21901;-0.78;-0.47;7.45;0.00;0;0;0;0;16;99786.72;29.19;15403;
RM;21924;-0.48;-0.47;7.45;0.00;0;0;0;0;20;99783.07;29.17;15403;
RM;21958;-0.24;-0.45;7.56;0.00;0;0;0;0;32;99780.30;29.17;15436;
RM;21983;-0.55;-0.46;7.45;0.00;0;0;0;0;22;99783.96;29.19;15436;
RM;22003;-0.42;-0.46;7.46;0.00;0;0;0;0;15;99782.45;29.18;15469;
RM;22023;-0.42;-0.45;7.45;0.00;0;0;0;0;16;99782.45;29.18;15469;
RM;22043;-0.90;-0.48;7.45;0.00;0;0;0;0;15;99788.12;29.19;15502;
RM;22063;-0.97;-0.52;7.45;0.00;0;0;0;0;16;99788.88;29.19;15502;
RM;22083;-0.42;-0.51;7.43;0.00;0;0;0;0;15;99782.45;29.18;15535;
RM;22103;-0.42;-0.50;7.45;0.00;0;0;0;0;15;99782.45;29.18;15535;
RM;22123;-0.83;-0.53;7.59;0.00;0;0;0;0;15;99787.35;29.18;15568;
RM;22147;-0.66;-0.54;7.43;0.00;0;0;0;0;22;99785.22;29.18;15568;
RM;22167;-0.30;-0.52;7.45;0.00;0;0;0;0;14;99780.93;29.17;15601;
RM;22187;-0.25;-0.50;7.45;0.00;0;0;0;0;15;99780.45;29.18;15601;
RM;22207;-0.72;-0.52;7.42;0.00;0;0;0;0;15;99785.98;29.18;15634;
RM;22227;-0.55;-0.52;7.42;0.00;0;0;0;0;15;99783.96;29.19;15634;
RM;22247;-0.31;-0.50;7.42;0.00;0;0;0;0;15;99781.07;29.18;15667;
RM;22267;-0.43;-0.50;7.61;0.00;0;0;0;0;15;99782.59;29.19;15667;
RM;22303;-0.89;-0.53;7.58;0.00;0;0;0;0;34;99787.98;29.18;15700;
RM;22328;-0.50;-0.53;7.45;0.00;0;0;0;0;22;99783.34;29.19;15700;
RM;22348;-0.55;-0.53;7.46;0.00;0;0;0;0;14;99783.96;29.19;15733;
RM;22368;-0.43;-0.52;7.45;0.00;0;0;0;0;16;99782.59;29.19;15733;
RM;22388;-0.38;-0.51;7.46;0.00;0;0;0;0;15;99781.96;29.19;15766;
RM;22408;-0.43;-0.50;7.45;0.00;0;0;0;0;16;99782.59;29.19;15766;
RM;22428;-0.78;-0.52;7.45;0.00;0;0;0;0;15;99786.72;29.19;15799;
RM;22448;-0.49;-0.52;7.45;0.00;0;0;0;0;16;99783.20;29.18;15799;
RM;22468;-0.90;-0.55;7.62;0.00;0;0;0;0;15;99788.12;29.19;15832;
RM;22492;-0.49;-0.54;7.43;0.00;0;0;0;0;22;99783.20;29.18;15832;
RM;22512;-0.43;-0.54;7.46;0.00;0;0;0;0;14;99782.59;29.19;15865;
RM;22532;-0.49;-0.53;7.45;0.00;0;0;0;0;16;99783.20;29.18;15865;
RM;22552;-0.54;-0.53;7.46;0.00;0;0;0;0;15;99783.84;29.18;15898;
RM;22581;-0.32;-0.52;7.43;0.00;0;0;0;0;27;99781.20;29.19;15931;
RM;22601;-0.50;-0.52;7.45;0.00;0;0;0;0;15;99783.34;29.19;15931;
RM;22621;-0.90;-0.54;7.45;0.00;0;0;0;0;16;99788.12;29.19;15964;
RM;22644;-0.68;-0.55;7.43;0.00;0;0;0;0;20;99785.48;29.20;15964;
RM;22668;-0.62;-0.56;7.59;0.00;0;0;0;0;22;99784.73;29.19;15997;
RM;22688;-0.68;-0.56;7.46;0.00;0;0;0;0;15;99785.48;29.20;15997;
RM;22708;-1.08;-0.60;7.42;0.00;0;0;0;0;16;99790.27;29.19;16030;
RM;22730;-0.68;-0.60;7.43;0.00;0;0;0;0;20;99785.48;29.20;16030;
RM;22750;-0.33;-0.58;7.45;0.00;0;0;0;0;16;99781.34;29.20;16063;
RM;22770;-0.44;-0.57;7.42;0.00;0;0;0;0;15;99782.72;29.20;16063;
RM;22790;-0.43;-0.56;7.45;0.00;0;0;0;0;16;99782.59;29.19;16096;
RM;22810;-0.83;-0.58;7.45;0.00;0;0;0;0;15;99787.35;29.18;16096;
RM;22834;-0.80;-0.60;7.43;0.00;0;0;0;0;22;99786.87;29.20;16129;
RM;22871;-0.73;-0.61;7.43;0.00;0;0;0;0;34;99786.11;29.19;16162;
RM;22891;-0.32;-0.59;7.42;0.00;0;0;0;0;15;99781.20;29.19;16162;
RM;22912;-0.86;-0.61;7.45;0.00;0;0;0;0;15;99787.63;29.20;16195;
RM;22932;-0.56;-0.61;7.45;0.00;0;0;0;0;15;99784.10;29.20;16195;
RM;22952;-0.26;-0.58;7.45;0.00;0;0;0;0;15;99780.58;29.19;16228;
RM;22972;-0.38;-0.56;7.45;0.00;0;0;0;0;15;99781.96;29.19;16228;
RM;22992;-0.56;-0.56;7.62;0.00;0;0;0;0;15;99784.10;29.20;16261;
RM;23016;-0.43;-0.55;7.43;0.00;0;0;0;0;22;99782.59;29.19;16261;
RM;23036;-0.68;-0.56;7.45;0.00;0;0;0;0;15;99785.48;29.20;16294;
RM;23056;-0.91;-0.59;7.45;0.00;0;0;0;0;16;99788.25;29.20;16294;
RM;23076;-0.20;-0.56;7.42;0.00;0;0;0;0;15;99779.81;29.19;16327;
RM;23096;-0.55;-0.55;7.42;0.00;0;0;0;0;16;99783.96;29.19;16327;
RM;23116;-0.85;-0.58;7.40;0.00;0;0;0;0;15;99787.49;29.19;16360;
RM;23136;-0.62;-0.58;7.40;0.00;0;0;0;0;16;99784.73;29.19;16360;
RM;23156;-0.32;-0.56;7.59;0.00;0;0;0;0;15;99781.20;29.19;16393;
RM;23180;-0.63;-0.57;7.43;0.00;0;0;0;0;22;99784.87;29.20;16393;
RM;23209;-0.68;-0.58;7.59;0.00;0;0;0;0;26;99785.48;29.20;16426;
RM;23229;-1.04;-0.61;7.58;0.00;0;0;0;0;15;99789.77;29.21;16426;
RM;23249;-0.56;-0.61;7.47;0.00;0;0;0;0;15;99784.10;29.20;16459;
RM;23269;-0.69;-0.61;7.46;0.00;0;0;0;0;16;99785.62;29.21;16459;
RM;23289;-0.44;-0.60;7.42;0.00;0;0;0;0;15;99782.72;29.20;16492;
RM;23309;-1.27;-0.65;7.42;0.00;0;0;0;0;16;99792.55;29.21;16492;
RM;23329;-0.63;-0.65;7.42;0.00;0;0;0;0;15;99784.87;29.20;16525;
RM;23366;-0.99;-0.68;7.42;0.00;0;0;0;0;35;99789.16;29.21;16558;
RM;23386;-1.21;-0.73;7.42;0.00;0;0;0;0;16;99791.78;29.20;16558;
RM;23406;-0.81;-0.74;7.39;0.00;0;0;0;0;15;99787.01;29.21;16591;
RM;23449;-0.75;-0.74;7.43;0.00;0;0;0;0;41;99786.25;29.20;16624;
RM;23469;-0.91;-0.76;7.42;0.00;0;0;0;0;16;99788.25;29.20;16624;
RM;23489;-0.57;-0.74;7.45;0.00;0;0;0;0;15;99784.23;29.21;16657;
RM;23510;-1.21;-0.78;7.45;0.00;0;0;0;0;15;99791.78;29.20;16657;
RM;23532;-0.55;-0.76;7.42;0.00;0;0;0;0;20;99783.96;29.19;16690;
RM;23557;-1.03;-0.79;7.43;0.00;0;0;0;0;22;99789.63;29.20;16690;
RM;23577;-0.85;-0.79;7.45;0.00;0;0;0;0;15;99787.49;29.19;16723;
RM;23597;-0.55;-0.77;7.45;0.00;0;0;0;0;16;99783.96;29.19;16723;
RM;23617;-0.80;-0.77;7.45;0.00;0;0;0;0;15;99786.87;29.20;16756;
RM;23638;-0.92;-0.79;7.42;0.00;0;0;0;0;15;99788.39;29.21;16756;
RM;23658;-1.03;-0.81;7.45;0.00;0;0;0;0;15;99789.63;29.20;16789;
RM;23678;-0.80;-0.81;7.45;0.00;0;0;0;0;15;99786.87;29.20;16789;
RM;23698;-0.56;-0.79;7.45;0.00;0;0;0;0;15;99784.10;29.20;16822;
RM;23720;-0.56;-0.77;7.43;0.00;0;0;0;0;20;99784.10;29.20;16822;
RM;23740;-0.75;-0.76;7.45;0.00;0;0;0;0;15;99786.25;29.20;16855;
RM;23760;-0.92;-0.78;7.45;0.00;0;0;0;0;15;99788.39;29.21;16855;
RM;23780;-0.44;-0.75;7.45;0.00;0;0;0;0;16;99782.72;29.20;16888;
RM;23800;-0.38;-0.72;7.45;0.00;0;0;0;0;15;99781.96;29.19;16888;
RM;23820;-0.26;-0.68;7.45;0.00;0;0;0;0;16;99780.58;29.19;16921;
RM;23848;-0.68;-0.68;7.42;0.00;0;0;0;0;26;99785.48;29.20;16954;
RM;23868;-0.81;-0.69;7.43;0.00;0;0;0;0;15;99787.01;29.21;16954;
RM;23889;-0.63;-0.68;7.43;0.00;0;0;0;0;19;99784.87;29.20;16987;
RM;23909;-0.69;-0.69;7.39;0.00;0;0;0;0;16;99785.62;29.21;16987;
RM;23929;-0.69;-0.69;7.45;0.00;0;0;0;0;15;99785.62;29.21;17020;
RM;23949;-0.44;-0.67;7.42;0.00;0;0;0;0;16;99782.72;29.20;17020;
RM;23969;-0.91;-0.69;7.45;0.00;0;0;0;0;15;99788.25;29.20;17053;
RM;24005;-0.44;-0.67;7.37;0.00;0;0;0;0;34;99782.72;29.20;17086;
RM;24025;-0.69;-0.67;7.55;0.00;0;0;0;0;16;99785.62;29.21;17086;
RM;24045;-0.75;-0.68;7.46;0.00;0;0;0;0;15;99786.25;29.20;17119;
RM;24078;-0.44;-0.66;7.58;0.00;0;0;0;0;31;99782.72;29.20;17152;
RM;24098;-0.80;-0.67;7.61;0.00;0;0;0;0;15;99786.87;29.20;17152;
RM;24118;-0.44;-0.65;7.45;0.00;0;0;0;0;16;99782.72;29.20;17185;
RM;24138;-0.57;-0.65;7.45;0.00;0;0;0;0;15;99784.23;29.21;17185;
RM;24158;-1.28;-0.69;7.45;0.00;0;0;0;0;16;99792.66;29.22;17218;
RM;24178;-0.39;-0.67;7.42;0.00;0;0;0;0;15;99782.09;29.20;17218;
RM;24198;-0.16;-0.62;7.42;0.00;0;0;0;0;16;99779.33;29.20;17251;
RM;24218;-0.82;-0.64;7.39;0.00;0;0;0;0;15;99787.12;29.22;17251;
RM;24242;-0.76;-0.65;7.59;0.00;0;0;0;0;22;99786.38;29.21;17284;
RM;24262;-0.11;-0.60;7.46;0.00;0;0;0;0;15;99778.70;29.21;17284;
RM;24282;-0.44;-0.58;7.45;0.00;0;0;0;0;16;99782.72;29.20;17317;
RM;24304;-0.52;-0.58;7.42;0.00;0;0;0;0;20;99783.63;29.21;17317;
RM;24324;-0.86;-0.60;7.43;0.00;0;0;0;0;16;99787.63;29.20;17350;
RM;24344;-0.81;-0.62;7.45;0.00;0;0;0;0;15;99787.01;29.21;17350;
RM;24364;-0.17;-0.58;7.42;0.00;0;0;0;0;15;99779.47;29.21;17383;
RM;24384;-0.80;-0.60;7.45;0.00;0;0;0;0;15;99786.87;29.20;17383;
RM;24408;-0.81;-0.63;7.43;0.00;0;0;0;0;22;99787.01;29.21;17416;
RM;24428;-1.17;-0.68;7.45;0.00;0;0;0;0;15;99791.27;29.22;17416;
RM;24448;-0.44;-0.65;7.45;0.00;0;0;0;0;15;99782.72;29.20;17449;
RM;24476;-0.87;-0.68;7.58;0.00;0;0;0;0;26;99787.77;29.21;17482;
RM;24496;-0.56;-0.67;7.61;0.00;0;0;0;0;16;99784.10;29.20;17482;
RM;24516;-0.99;-0.70;7.45;0.00;0;0;0;0;15;99789.16;29.21;17515;
RM;24536;-0.51;-0.68;7.45;0.00;0;0;0;0;16;99783.48;29.20;17515;
RM;24571;-0.57;-0.67;7.56;0.00;0;0;0;0;33;99784.23;29.21;17548;
RM;24596;-1.28;-0.73;7.43;0.00;0;0;0;0;22;99792.66;29.22;17548;
RM;24616;-1.03;-0.77;7.42;0.00;0;0;0;0;14;99789.63;29.20;17581;
RM;24636;-1.16;-0.81;7.45;0.00;0;0;0;0;15;99791.15;29.21;17581;
RM;24656;-0.40;-0.76;7.42;0.00;0;0;0;0;15;99782.23;29.21;17614;
RM;24676;-0.92;-0.78;7.45;0.00;0;0;0;0;16;99788.39;29.21;17614;
RM;24696;-0.92;-0.80;7.45;0.00;0;0;0;0;15;99788.39;29.21;17647;
RM;24716;-1.27;-0.86;7.43;0.00;0;0;0;0;16;99792.55;29.21;17647;
RM;24736;-0.63;-0.83;7.61;0.00;0;0;0;0;15;99784.87;29.20;17680;
RM;24771;-0.94;-0.84;7.42;0.00;0;0;0;0;33;99788.51;29.22;17713;
RM;24795;-0.81;-0.84;7.43;0.00;0;0;0;0;21;99787.01;29.21;17713;
RM;24815;-0.80;-0.83;7.42;0.00;0;0;0;0;15;99786.87;29.20;17746;
RM;24835;-0.99;-0.85;7.45;0.00;0;0;0;0;16;99789.16;29.21;17746;
RM;24855;-0.99;-0.86;7.40;0.00;0;0;0;0;15;99789.16;29.21;17779;
RM;24875;-0.68;-0.84;7.42;0.00;0;0;0;0;15;99785.48;29.20;17779;
RM;24895;-0.45;-0.81;7.45;0.00;0;0;0;0;15;99782.85;29.21;17812;
RM;24915;-0.99;-0.83;7.40;0.00;0;0;0;0;15;99789.16;29.21;17812;
RM;24939;-1.10;-0.85;7.43;0.00;0;0;0;0;21;99790.54;29.21;17845;
RM;24960;-0.94;-0.86;7.45;0.00;0;0;0;0;15;99788.51;29.22;17845;
RM;24980;-0.82;-0.86;7.45;0.00;0;0;0;0;15;99787.12;29.22;17878;
RM;25000;-0.53;-0.83;7.45;0.00;0;0;0;0;15;99783.73;29.22;17878;
RM;25020;-0.57;-0.81;7.45;0.00;0;0;0;0;15;99784.23;29.21;17911;
RM;25042;-0.87;-0.81;7.58;0.00;0;0;0;0;20;99787.77;29.21;17911;
RM;25072;-0.58;-0.79;7.42;0.00;0;0;0;0;26;99784.35;29.22;17944;
RM;25092;-0.58;-0.77;7.43;0.00;0;0;0;0;16;99784.35;29.22;17944;
RM;25115;-0.57;-0.75;7.58;0.00;0;0;0;0;21;99784.23;29.21;17977;
RM;25152;-1.12;-0.79;7.58;0.00;0;0;0;0;34;99790.64;29.22;18010;
RM;25172;-1.10;-0.82;7.45;0.00;0;0;0;0;15;99790.54;29.21;18010;
RM;25192;-1.05;-0.84;7.45;0.00;0;0;0;0;15;99789.88;29.22;18043;
RM;25212;-0.94;-0.85;7.45;0.00;0;0;0;0;15;99788.51;29.22;18043;
RM;25232;-1.18;-0.88;7.43;0.00;0;0;0;0;16;99791.41;29.23;18076;
RM;25252;-1.05;-0.90;7.43;0.00;0;0;0;0;15;99789.88;29.22;18076;
RM;25272;-0.95;-0.90;7.45;0.00;0;0;0;0;16;99788.64;29.23;18109;
RM;25295;-0.95;-0.91;7.42;0.00;0;0;0;0;21;99788.64;29.23;18109;
RM;25315;-1.18;-0.93;7.61;0.00;0;0;0;0;15;99791.41;29.23;18142;
RM;25335;-0.76;-0.92;7.45;0.00;0;0;0;0;15;99786.38;29.21;18142;
RM;25355;-0.58;-0.89;7.40;0.00;0;0;0;0;16;99784.35;29.22;18175;
RM;25375;-0.78;-0.88;7.42;0.00;0;0;0;0;15;99786.63;29.23;18175;
RM;25395;-0.83;-0.87;7.43;0.00;0;0;0;0;16;99787.26;29.23;18208;
RM;25415;-0.70;-0.86;7.42;0.00;0;0;0;0;15;99785.74;29.22;18208;
RM;25435;-0.54;-0.83;7.40;0.00;0;0;0;0;16;99783.87;29.23;18241;
RM;25458;-0.71;-0.82;7.58;0.00;0;0;0;0;21;99785.88;29.23;18241;
RM;25478;-1.12;-0.85;7.61;0.00;0;0;0;0;16;99790.64;29.22;18274;
RM;25501;-0.82;-0.84;7.42;0.00;0;0;0;0;20;99787.12;29.22;18274;
RM;25521;-0.88;-0.85;7.43;0.00;0;0;0;0;16;99787.88;29.22;18307;
RM;25541;-0.94;-0.85;7.45;0.00;0;0;0;0;15;99788.51;29.22;18307;
RM;25561;-0.47;-0.82;7.43;0.00;0;0;0;0;16;99782.97;29.22;18340;
RM;25581;-0.95;-0.83;7.43;0.00;0;0;0;0;15;99788.64;29.23;18340;
RM;25601;-0.77;-0.83;7.43;0.00;0;0;0;0;15;99786.49;29.22;18373;
RM;25624;-0.83;-0.83;7.43;0.00;0;0;0;0;21;99787.26;29.23;18373;
RM;25644;-0.47;-0.80;7.43;0.00;0;0;0;0;14;99782.97;29.22;18406;
RM;25664;-1.29;-0.84;7.45;0.00;0;0;0;0;15;99792.80;29.23;18406;
RM;25711;-1.29;-0.88;7.55;0.00;0;0;0;0;45;99792.80;29.23;18439;
RM;25731;-0.84;-0.88;7.56;0.00;0;0;0;0;16;99787.38;29.24;18439;
RM;25751;-0.47;-0.84;7.61;0.00;0;0;0;0;15;99782.97;29.22;18472;
RM;25771;-0.83;-0.84;7.45;0.00;0;0;0;0;15;99787.26;29.23;18472;
