230423-104958
RM;1660;-0.31;-0.06;8.03;0.00;0;0;0;0;0;100152.95;28.45;32;0;
RM;1701;-0.14;-0.07;7.87;0.00;0;0;0;0;37;100150.95;28.45;64;0;
RM;1721;0.04;-0.05;7.84;0.00;0;0;0;0;15;100148.80;28.45;64;0;
RM;1741;-0.38;-0.10;7.89;0.00;0;0;0;0;15;100153.70;28.45;95;0;
RM;1761;-0.09;-0.10;7.87;0.00;0;0;0;0;16;100150.32;28.46;95;0;
RM;1781;-0.03;-0.09;7.87;0.00;0;0;0;0;15;100149.55;28.45;127;0;
RM;1801;0.43;-0.03;7.86;0.00;0;0;0;0;16;100144.18;28.46;127;0;
RM;1821;-0.09;-0.04;7.87;0.00;0;0;0;0;15;100150.32;28.46;158;0;
RM;1997;-0.24;-0.06;7.96;0.00;0;0;0;0;174;100152.11;28.49;190;0;
RM;2017;0.48;-0.00;7.96;0.00;0;0;0;0;16;100143.67;28.48;190;0;
RM;2037;0.48;0.06;7.99;0.00;0;0;0;0;15;100143.67;28.48;221;0;
RM;2057;0.54;0.12;7.86;0.00;0;0;0;0;16;100142.91;28.47;221;0;
RM;2077;0.54;0.18;7.86;0.00;0;0;0;0;15;100142.91;28.47;252;0;
RM;2097;0.42;0.22;7.86;0.00;0;0;0;0;16;100144.30;28.47;252;0;
RM;2117;0.87;0.31;7.86;0.00;0;0;0;0;15;100138.91;28.48;283;0;
RM;2137;-0.23;0.22;7.84;0.00;0;0;0;0;16;100151.97;28.48;283;0;
RM;2157;0.59;0.28;7.86;0.00;0;0;0;0;15;100142.29;28.48;315;0;
RM;2333;-0.02;0.23;7.94;0.00;0;0;0;0;173;100149.49;28.50;347;0;
RM;2353;0.39;0.26;7.94;0.00;0;0;0;0;16;100144.73;28.50;347;0;
RM;2373;-0.07;0.21;7.86;0.00;0;0;0;0;15;100150.12;28.49;378;0;
RM;2393;0.38;0.23;7.84;0.00;0;0;0;0;16;100144.88;28.51;378;0;
RM;2413;0.26;0.24;7.84;0.00;0;0;0;0;15;100146.26;28.51;409;0;
RM;2433;0.14;0.23;7.81;0.00;0;0;0;0;15;100147.65;28.51;409;0;
RM;2453;-0.68;0.12;7.84;0.00;0;0;0;0;15;100157.31;28.51;440;0;
RM;2473;0.21;0.14;7.81;0.00;0;0;0;0;15;100146.87;28.51;440;0;
RM;2659;-0.06;0.11;7.94;0.00;0;0;0;0;183;100150.05;28.54;472;0;
RM;2689;-0.17;0.07;7.83;0.00;0;0;0;0;27;100151.31;28.53;472;0;
RM;2709;-0.17;0.04;7.84;0.00;0;0;0;0;14;100151.31;28.53;504;0;
RM;2729;-0.11;0.03;7.83;0.00;0;0;0;0;15;100150.54;28.53;504;0;
RM;2749;-0.06;0.02;7.83;0.00;0;0;0;0;15;100149.93;28.53;536;0;
RM;2769;-0.18;-0.01;7.96;0.00;0;0;0;0;15;100151.43;28.54;536;0;
RM;2798;-0.18;-0.02;7.81;0.00;0;0;0;0;26;100151.43;28.54;568;0;
RM;2818;0.00;-0.02;7.83;0.00;0;0;0;0;16;100149.28;28.53;568;0;
RM;2841;-0.06;-0.03;7.91;0.00;0;0;0;0;21;100149.93;28.53;600;0;
RM;2861;-0.53;-0.07;7.91;0.00;0;0;0;0;16;100155.58;28.54;600;0;
RM;2881;-0.13;-0.08;7.83;0.00;0;0;0;0;15;100150.81;28.55;632;0;
RM;2902;-0.13;-0.08;7.83;0.00;0;0;0;0;15;100150.81;28.55;632;0;
RM;2922;-0.20;-0.09;7.83;0.00;0;0;0;0;15;100151.56;28.55;664;0;
RM;2942;-0.13;-0.09;7.83;0.00;0;0;0;0;15;100150.81;28.55;664;0;
RM;2962;-0.20;-0.10;7.83;0.00;0;0;0;0;15;100151.56;28.55;696;0;
RM;2982;-0.13;-0.10;7.83;0.00;0;0;0;0;15;100150.81;28.55;696;0;
RM;3006;-0.36;-0.12;7.91;0.00;0;0;0;0;22;100153.57;28.55;728;0;
RM;3026;-0.26;-0.13;7.83;0.00;0;0;0;0;15;100152.34;28.56;728;0;
RM;3046;-0.32;-0.15;7.83;0.00;0;0;0;0;16;100153.09;28.56;760;0;
RM;3066;-0.31;-0.16;7.83;0.00;0;0;0;0;15;100152.95;28.55;760;0;
RM;3086;-0.39;-0.18;7.83;0.00;0;0;0;0;16;100153.84;28.57;792;0;
RM;3106;-0.49;-0.20;7.81;0.00;0;0;0;0;15;100155.09;28.56;792;0;
RM;3126;-0.20;-0.20;7.83;0.00;0;0;0;0;16;100151.56;28.55;824;0;
RM;3146;-0.08;-0.19;7.83;0.00;0;0;0;0;15;100150.19;28.55;824;0;
RM;3170;-0.14;-0.19;7.81;0.00;0;0;0;0;22;100150.95;28.56;856;0;
RM;3190;-0.20;-0.19;7.81;0.00;0;0;0;0;15;100151.56;28.55;856;0;
RM;3226;-0.04;-0.18;7.78;0.00;0;0;0;0;34;100149.70;28.57;888;0;
RM;3246;-0.15;-0.18;7.80;0.00;0;0;0;0;16;100151.08;28.57;888;0;
RM;3266;-0.09;-0.17;7.75;0.00;0;0;0;0;15;100150.33;28.56;920;0;
RM;3286;-0.35;-0.18;7.75;0.00;0;0;0;0;15;100153.38;28.58;920;0;
RM;3314;-0.50;-0.20;7.80;0.00;0;0;0;0;26;100155.23;28.57;952;0;
RM;3334;-0.32;-0.21;7.81;0.00;0;0;0;0;16;100153.09;28.56;952;0;
RM;3357;-0.57;-0.23;7.80;0.00;0;0;0;0;21;100155.98;28.57;984;0;
RM;3377;-0.45;-0.25;7.80;0.00;0;0;0;0;16;100154.59;28.57;984;0;
RM;3397;-0.10;-0.24;7.81;0.00;0;0;0;0;15;100150.45;28.57;1016;0;
RM;3417;-0.45;-0.26;7.81;0.00;0;0;0;0;16;100154.59;28.57;1016;0;
RM;3437;-0.22;-0.25;7.81;0.00;0;0;0;0;15;100151.83;28.57;1048;0;
RM;3457;-0.33;-0.26;7.93;0.00;0;0;0;0;15;100153.21;28.57;1048;0;
RM;3477;-0.40;-0.27;7.80;0.00;0;0;0;0;15;100153.97;28.58;1080;0;
RM;3501;-0.23;-0.27;7.80;0.00;0;0;0;0;21;100152.00;28.58;1080;0;
RM;3524;0.19;-0.24;7.80;0.00;0;0;0;0;21;100147.05;28.58;1111;0;
RM;3544;-0.11;-0.23;7.80;0.00;0;0;0;0;16;100150.61;28.58;1111;0;
RM;3566;-0.24;-0.23;7.91;0.00;0;0;0;0;20;100152.15;28.59;1143;0;
RM;3586;-0.59;-0.25;7.81;0.00;0;0;0;0;16;100156.30;28.59;1143;0;
RM;3606;-0.24;-0.25;7.81;0.00;0;0;0;0;15;100152.15;28.59;1175;0;
RM;3627;-0.53;-0.27;7.81;0.00;0;0;0;0;15;100155.53;28.59;1175;0;
RM;3647;-0.41;-0.28;7.80;0.00;0;0;0;0;15;100154.16;28.59;1207;0;
RM;3667;-0.18;-0.27;7.80;0.00;0;0;0;0;15;100151.38;28.59;1207;0;
RM;3691;-0.01;-0.26;7.90;0.00;0;0;0;0;21;100149.39;28.59;1239;0;
RM;3712;-0.64;-0.28;7.90;0.00;0;0;0;0;15;100156.91;28.59;1239;0;
RM;3732;-0.36;-0.29;7.81;0.00;0;0;0;0;15;100153.54;28.59;1271;0;
RM;3752;-0.66;-0.32;7.80;0.00;0;0;0;0;15;100157.03;28.60;1271;0;
RM;3788;-0.59;-0.34;7.87;0.00;0;0;0;0;33;100156.30;28.59;1303;0;
RM;3808;-0.19;-0.33;7.86;0.00;0;0;0;0;16;100151.51;28.60;1303;0;
RM;3828;-0.36;-0.33;7.83;0.00;0;0;0;0;15;100153.54;28.59;1335;0;
RM;3848;-0.66;-0.36;7.80;0.00;0;0;0;0;16;100157.03;28.60;1335;0;
RM;3879;-0.49;-0.37;7.78;0.00;0;0;0;0;29;100155.02;28.60;1367;0;
RM;3899;-0.73;-0.40;7.90;0.00;0;0;0;0;14;100157.94;28.61;1367;0;
RM;3919;-0.37;-0.40;7.81;0.00;0;0;0;0;15;100153.65;28.60;1399;0;
RM;3948;-0.32;-0.39;7.78;0.00;0;0;0;0;27;100153.02;28.61;1431;0;
RM;3968;-0.25;-0.38;7.78;0.00;0;0;0;0;15;100152.26;28.60;1431;0;
RM;3988;-0.37;-0.38;7.80;0.00;0;0;0;0;15;100153.65;28.60;1463;0;
RM;4008;-0.03;-0.35;7.93;0.00;0;0;0;0;15;100149.64;28.61;1463;0;
RM;4030;-0.25;-0.35;7.78;0.00;0;0;0;0;19;100152.26;28.60;1495;0;
RM;4050;-0.43;-0.35;7.77;0.00;0;0;0;0;15;100154.41;28.61;1495;0;
RM;4070;-0.20;-0.34;7.80;0.00;0;0;0;0;16;100151.63;28.61;1527;0;
RM;4090;-0.80;-0.37;7.80;0.00;0;0;0;0;15;100158.82;28.63;1527;0;
RM;4110;-0.56;-0.39;7.80;0.00;0;0;0;0;16;100155.94;28.62;1559;0;
RM;4130;-0.15;-0.37;7.80;0.00;0;0;0;0;15;100151.02;28.61;1559;0;
RM;4150;-0.03;-0.34;7.77;0.00;0;0;0;0;16;100149.64;28.61;1591;0;
RM;4170;-0.26;-0.33;7.91;0.00;0;0;0;0;15;100152.41;28.61;1591;0;
RM;4194;-0.56;-0.35;7.74;0.00;0;0;0;0;22;100155.94;28.62;1623;0;
RM;4217;-0.27;-0.35;7.78;0.00;0;0;0;0;20;100152.55;28.62;1623;0;
RM;4237;-0.27;-0.34;7.78;0.00;0;0;0;0;16;100152.55;28.62;1655;0;
RM;4257;-0.80;-0.38;7.78;0.00;0;0;0;0;15;100158.82;28.63;1655;0;
RM;4277;-0.16;-0.36;7.78;0.00;0;0;0;0;16;100151.16;28.62;1687;0;
RM;4297;-0.45;-0.37;7.93;0.00;0;0;0;0;15;100154.67;28.63;1687;0;
RM;4317;-0.04;-0.34;7.91;0.00;0;0;0;0;16;100149.79;28.62;1719;0;
RM;4358;-0.17;-0.32;7.77;0.00;0;0;0;0;39;100151.28;28.63;1751;0;
RM;4382;-0.51;-0.34;7.77;0.00;0;0;0;0;21;100155.31;28.62;1751;0;
RM;4402;-0.40;-0.35;7.78;0.00;0;0;0;0;15;100154.05;28.63;1783;0;
RM;4422;0.18;-0.30;7.80;0.00;0;0;0;0;15;100147.13;28.63;1783;0;
RM;4442;-0.63;-0.33;7.91;0.00;0;0;0;0;16;100156.81;28.63;1814;0;
RM;4462;-0.05;-0.30;7.80;0.00;0;0;0;0;15;100149.90;28.63;1814;0;
RM;4482;-0.17;-0.29;7.78;0.00;0;0;0;0;16;100151.28;28.63;1846;0;
RM;4502;-0.40;-0.30;7.77;0.00;0;0;0;0;15;100154.05;28.63;1846;0;
RM;4523;-0.17;-0.29;7.75;0.00;0;0;0;0;15;100151.28;28.63;1878;0;
RM;4546;-0.42;-0.30;7.77;0.00;0;0;0;0;21;100154.20;28.64;1878;0;
RM;4576;0.05;-0.27;7.77;0.00;0;0;0;0;26;100148.67;28.64;1909;0;
RM;4596;0.07;-0.24;7.78;0.00;0;0;0;0;15;100148.52;28.63;1909;0;
RM;4616;-0.31;-0.24;7.75;0.00;0;0;0;0;16;100152.95;28.65;1940;0;
RM;4636;-0.05;-0.23;7.78;0.00;0;0;0;0;15;100149.90;28.63;1940;0;
RM;4656;-0.12;-0.22;7.75;0.00;0;0;0;0;16;100150.66;28.64;1972;0;
RM;4676;-0.47;-0.24;7.89;0.00;0;0;0;0;15;100154.81;28.64;1972;0;
RM;4696;0.05;-0.21;7.77;0.00;0;0;0;0;16;100148.67;28.64;2004;0;
RM;4719;-0.06;-0.20;7.77;0.00;0;0;0;0;21;100150.05;28.64;2004;0;
RM;4739;-0.06;-0.19;7.78;0.00;0;0;0;0;15;100150.05;28.64;2036;0;
RM;4759;0.11;-0.16;7.78;0.00;0;0;0;0;15;100148.05;28.65;2036;0;
RM;4779;0.17;-0.13;7.77;0.00;0;0;0;0;15;100147.28;28.64;2067;0;
RM;4799;0.05;-0.11;7.78;0.00;0;0;0;0;15;100148.67;28.64;2067;0;
RM;4819;-0.13;-0.11;7.78;0.00;0;0;0;0;15;100150.81;28.65;2098;0;
RM;4839;-0.30;-0.13;7.78;0.00;0;0;0;0;15;100152.82;28.64;2098;0;
RM;4859;-0.06;-0.12;7.87;0.00;0;0;0;0;15;100150.05;28.64;2130;0;
RM;4883;-0.20;-0.13;7.77;0.00;0;0;0;0;22;100151.56;28.65;2130;0;
RM;4932;-0.67;-0.17;7.89;0.00;0;0;0;0;46;100157.23;28.66;2162;0;
RM;4952;-0.32;-0.19;7.86;0.00;0;0;0;0;16;100153.09;28.66;2162;0;
RM;4972;-0.20;-0.19;7.80;0.00;0;0;0;0;15;100151.56;28.65;2194;0;
RM;4992;0.11;-0.16;7.78;0.00;0;0;0;0;15;100148.05;28.65;2194;0;
RM;5012;-0.27;-0.17;7.78;0.00;0;0;0;0;15;100152.48;28.67;2225;0;
RM;5032;-0.55;-0.20;7.78;0.00;0;0;0;0;15;100155.86;28.66;2225;0;
RM;5052;-0.21;-0.20;7.78;0.00;0;0;0;0;15;100151.71;28.66;2257;0;
RM;5075;-0.55;-0.23;7.77;0.00;0;0;0;0;21;100155.86;28.66;2257;0;
RM;5095;-0.25;-0.24;7.75;0.00;0;0;0;0;14;100152.30;28.66;2289;0;
RM;5115;-0.32;-0.24;7.91;0.00;0;0;0;0;15;100153.09;28.66;2289;0;
RM;5138;-0.39;-0.25;7.77;0.00;0;0;0;0;21;100153.86;28.67;2321;0;
RM;5158;-0.49;-0.27;7.78;0.00;0;0;0;0;15;100155.06;28.66;2321;0;
RM;5178;-0.10;-0.26;7.75;0.00;0;0;0;0;16;100150.47;28.67;2353;0;
RM;5207;-0.50;-0.28;7.77;0.00;0;0;0;0;27;100155.25;28.67;2385;0;
RM;5227;-0.32;-0.28;7.75;0.00;0;0;0;0;15;100153.09;28.66;2385;0;
RM;5251;-0.98;-0.34;7.77;0.00;0;0;0;0;22;100160.91;28.68;2417;0;
RM;5271;-0.04;-0.31;7.77;0.00;0;0;0;0;15;100149.72;28.67;2417;0;
RM;5291;-0.39;-0.32;7.77;0.00;0;0;0;0;15;100153.86;28.67;2449;0;
RM;5311;-0.21;-0.31;7.78;0.00;0;0;0;0;15;100151.71;28.66;2449;0;
RM;5331;-0.32;-0.31;7.90;0.00;0;0;0;0;15;100153.09;28.66;2481;0;
RM;5351;-0.32;-0.31;7.90;0.00;0;0;0;0;15;100153.09;28.66;2481;0;
RM;5371;-0.91;-0.35;7.78;0.00;0;0;0;0;15;100160.15;28.67;2513;0;
RM;5391;-0.33;-0.35;7.75;0.00;0;0;0;0;16;100153.24;28.67;2513;0;
RM;5414;-0.57;-0.37;7.77;0.00;0;0;0;0;21;100156.00;28.67;2545;0;
RM;5434;-0.63;-0.39;7.77;0.00;0;0;0;0;16;100156.77;28.68;2545;0;
RM;5454;-0.22;-0.38;7.77;0.00;0;0;0;0;15;100151.86;28.67;2577;0;
RM;5490;-0.22;-0.36;7.75;0.00;0;0;0;0;34;100151.86;28.67;2609;0;
RM;5510;-0.33;-0.36;7.74;0.00;0;0;0;0;16;100153.24;28.67;2609;0;
RM;5530;0.12;-0.32;7.86;0.00;0;0;0;0;15;100147.84;28.68;2641;0;
RM;5550;-0.46;-0.33;7.90;0.00;0;0;0;0;16;100154.74;28.68;2641;0;
RM;5573;-0.36;-0.34;7.75;0.00;0;0;0;0;21;100153.51;28.69;2673;0;
RM;5593;-0.17;-0.32;7.77;0.00;0;0;0;0;16;100151.24;28.68;2673;0;
RM;5613;-0.52;-0.34;7.77;0.00;0;0;0;0;15;100155.51;28.69;2705;0;
RM;5637;-0.11;-0.32;7.75;0.00;0;0;0;0;21;100150.59;28.68;2705;0;
RM;5657;-0.11;-0.30;7.89;0.00;0;0;0;0;15;100150.59;28.68;2737;0;
RM;5677;-0.34;-0.31;7.89;0.00;0;0;0;0;16;100153.36;28.68;2737;0;
RM;5697;-0.36;-0.31;7.77;0.00;0;0;0;0;15;100153.51;28.69;2769;0;
RM;5718;-0.71;-0.34;7.77;0.00;0;0;0;0;15;100157.66;28.69;2769;0;
RM;5741;-0.48;-0.35;7.75;0.00;0;0;0;0;21;100154.88;28.69;2801;0;
RM;5761;-0.12;-0.33;7.77;0.00;0;0;0;0;16;100150.73;28.69;2801;0;
RM;5781;-0.01;-0.31;7.77;0.00;0;0;0;0;15;100149.36;28.69;2833;0;
RM;5801;-0.06;-0.28;7.89;0.00;0;0;0;0;15;100149.97;28.69;2833;0;
RM;5830;-0.31;-0.29;7.75;0.00;0;0;0;0;26;100152.88;28.70;2865;0;
RM;5850;-0.60;-0.31;7.75;0.00;0;0;0;0;16;100156.41;28.70;2865;0;
RM;5870;-0.14;-0.30;7.75;0.00;0;0;0;0;15;100150.88;28.70;2897;0;
RM;5893;-0.36;-0.30;7.89;0.00;0;0;0;0;21;100153.51;28.69;2897;0;
RM;5917;-0.67;-0.33;7.75;0.00;0;0;0;0;21;100157.18;28.71;2929;0;
RM;5937;-0.71;-0.37;7.72;0.00;0;0;0;0;15;100157.66;28.69;2929;0;
RM;5957;-0.73;-0.40;7.77;0.00;0;0;0;0;15;100157.94;28.71;2961;0;
RM;5977;-1.08;-0.47;7.77;0.00;0;0;0;0;16;100162.09;28.71;2961;0;
RM;5997;-0.25;-0.44;7.74;0.00;0;0;0;0;15;100152.26;28.70;2993;0;
RM;6017;-0.25;-0.42;7.77;0.00;0;0;0;0;15;100152.26;28.70;2993;0;
RM;6052;-0.60;-0.44;7.74;0.00;0;0;0;0;33;100156.41;28.70;3025;0;
RM;6072;-0.38;-0.44;7.86;0.00;0;0;0;0;16;100153.79;28.71;3025;0;
RM;6095;-0.60;-0.45;7.75;0.00;0;0;0;0;21;100156.41;28.70;3057;0;
RM;6115;-0.38;-0.45;7.77;0.00;0;0;0;0;16;100153.79;28.71;3057;0;
RM;6135;-0.25;-0.43;7.77;0.00;0;0;0;0;15;100152.26;28.70;3089;0;
RM;6155;-0.37;-0.42;7.77;0.00;0;0;0;0;16;100153.63;28.70;3089;0;
RM;6175;-0.43;-0.42;7.75;0.00;0;0;0;0;15;100154.41;28.71;3121;0;
RM;6195;-0.38;-0.42;7.75;0.00;0;0;0;0;16;100153.79;28.71;3121;0;
RM;6215;-0.43;-0.42;7.75;0.00;0;0;0;0;15;100154.41;28.71;3153;0;
RM;6235;-0.36;-0.42;7.87;0.00;0;0;0;0;16;100153.51;28.69;3153;0;
RM;6258;-0.61;-0.43;7.75;0.00;0;0;0;0;21;100156.56;28.71;3185;0;
RM;6278;-0.55;-0.44;7.75;0.00;0;0;0;0;16;100155.80;28.71;3185;0;
RM;6298;-0.68;-0.45;7.77;0.00;0;0;0;0;15;100157.29;28.72;3217;0;
RM;6318;-0.56;-0.46;7.75;0.00;0;0;0;0;16;100155.91;28.72;3217;0;
RM;6341;-0.44;-0.46;7.74;0.00;0;0;0;0;20;100154.53;28.72;3249;0;
RM;6361;-0.79;-0.48;7.75;0.00;0;0;0;0;16;100158.68;28.72;3249;0;
RM;6381;-0.61;-0.49;7.89;0.00;0;0;0;0;15;100156.56;28.71;3281;0;
RM;6401;-0.51;-0.49;7.77;0.00;0;0;0;0;15;100155.29;28.72;3281;0;
RM;6424;-0.26;-0.48;7.75;0.00;0;0;0;0;21;100152.41;28.71;3313;0;
RM;6454;-0.39;-0.47;7.72;0.00;0;0;0;0;27;100153.90;28.72;3313;0;
RM;6474;-0.86;-0.50;7.72;0.00;0;0;0;0;14;100159.44;28.72;3345;0;
RM;6494;-0.27;-0.48;7.72;0.00;0;0;0;0;16;100152.52;28.72;3345;0;
RM;6514;-0.40;-0.48;7.75;0.00;0;0;0;0;15;100154.06;28.73;3377;0;
RM;6534;-0.16;-0.45;7.75;0.00;0;0;0;0;16;100151.14;28.72;3377;0;
RM;6554;-0.39;-0.45;7.75;0.00;0;0;0;0;15;100153.90;28.72;3409;0;
RM;6574;-0.69;-0.47;7.75;0.00;0;0;0;0;16;100157.43;28.73;3409;0;
RM;6615;-0.05;-0.43;7.87;0.00;0;0;0;0;39;100149.91;28.73;3441;0;
RM;6635;-0.29;-0.42;7.86;0.00;0;0;0;0;15;100152.67;28.73;3441;0;
RM;6656;-0.34;-0.41;7.74;0.00;0;0;0;0;15;100153.28;28.73;3473;0;
RM;6678;-0.29;-0.40;7.74;0.00;0;0;0;0;20;100152.67;28.73;3473;0;
RM;6699;-0.06;-0.38;7.75;0.00;0;0;0;0;15;100150.05;28.74;3505;0;
RM;6719;-0.45;-0.38;7.75;0.00;0;0;0;0;15;100154.66;28.73;3505;0;
RM;6739;-0.17;-0.37;7.75;0.00;0;0;0;0;15;100151.30;28.73;3537;0;
RM;6759;-0.64;-0.39;7.75;0.00;0;0;0;0;15;100156.83;28.73;3537;0;
RM;6780;-0.29;-0.38;7.75;0.00;0;0;0;0;19;100152.67;28.73;3569;0;
RM;6800;-0.52;-0.39;7.75;0.00;0;0;0;0;15;100155.45;28.73;3569;0;
RM;6820;-0.52;-0.40;7.75;0.00;0;0;0;0;15;100155.45;28.73;3601;0;
RM;6840;-0.52;-0.41;7.75;0.00;0;0;0;0;16;100155.45;28.73;3601;0;
RM;6860;-0.52;-0.42;7.72;0.00;0;0;0;0;15;100155.45;28.73;3633;0;
RM;6880;-0.29;-0.41;7.72;0.00;0;0;0;0;16;100152.67;28.73;3633;0;
RM;6900;-0.60;-0.42;7.71;0.00;0;0;0;0;15;100156.34;28.75;3665;0;
RM;6924;-0.70;-0.44;7.86;0.00;0;0;0;0;22;100157.60;28.74;3665;0;
RM;6944;-0.42;-0.44;7.77;0.00;0;0;0;0;14;100154.20;28.74;3697;0;
RM;6964;-0.42;-0.44;7.75;0.00;0;0;0;0;16;100154.20;28.74;3697;0;
RM;6984;-0.65;-0.45;7.75;0.00;0;0;0;0;15;100156.96;28.74;3729;0;
RM;7004;-0.18;-0.44;7.75;0.00;0;0;0;0;16;100151.43;28.74;3729;0;
RM;7024;-0.60;-0.45;7.75;0.00;0;0;0;0;15;100156.34;28.75;3761;0;
RM;7044;-0.48;-0.45;7.75;0.00;0;0;0;0;16;100154.96;28.75;3761;0;
RM;7078;-0.18;-0.43;7.72;0.00;0;0;0;0;31;100151.43;28.74;3793;0;
RM;7102;-0.53;-0.44;7.74;0.00;0;0;0;0;21;100155.57;28.74;3793;0;
RM;7122;-0.47;-0.44;7.74;0.00;0;0;0;0;15;100154.84;28.74;3825;0;
RM;7142;-0.60;-0.45;7.89;0.00;0;0;0;0;16;100156.34;28.75;3825;0;
RM;7178;-0.48;-0.45;7.86;0.00;0;0;0;0;34;100154.96;28.75;3857;0;
RM;7198;-0.78;-0.47;7.86;0.00;0;0;0;0;15;100158.49;28.75;3857;0;
RM;7218;-0.77;-0.50;7.75;0.00;0;0;0;0;16;100158.34;28.74;3889;0;
RM;7238;-0.89;-0.52;7.75;0.00;0;0;0;0;15;100159.87;28.75;3889;0;
RM;7258;-0.42;-0.52;7.74;0.00;0;0;0;0;16;100154.20;28.74;3921;0;
RM;7281;-0.66;-0.53;7.72;0.00;0;0;0;0;21;100157.09;28.75;3921;0;
RM;7301;-0.54;-0.53;7.74;0.00;0;0;0;0;15;100155.72;28.75;3953;0;
RM;7321;-0.61;-0.53;7.74;0.00;0;0;0;0;15;100156.49;28.76;3953;0;
RM;7341;-0.60;-0.54;7.74;0.00;0;0;0;0;16;100156.34;28.75;3985;0;
RM;7361;-0.36;-0.53;7.87;0.00;0;0;0;0;15;100153.58;28.75;3985;0;
RM;7382;-0.90;-0.55;7.75;0.00;0;0;0;0;15;100160.02;28.76;4017;0;
RM;7402;-0.72;-0.57;7.72;0.00;0;0;0;0;15;100157.87;28.76;4017;0;
RM;7422;-0.79;-0.58;7.72;0.00;0;0;0;0;15;100158.63;28.76;4049;0;
RM;7451;-0.72;-0.59;7.86;0.00;0;0;0;0;26;100157.87;28.76;4081;0;
RM;7471;-0.66;-0.60;7.87;0.00;0;0;0;0;16;100157.09;28.75;4081;0;
RM;7491;-0.72;-0.61;7.74;0.00;0;0;0;0;15;100157.87;28.76;4113;0;
RM;7511;-0.72;-0.62;7.74;0.00;0;0;0;0;15;100157.87;28.76;4113;0;
RM;7531;-0.73;-0.63;7.72;0.00;0;0;0;0;15;100158.01;28.77;4145;0;
RM;7552;-0.73;-0.63;7.74;0.00;0;0;0;0;15;100158.01;28.77;4145;0;
RM;7572;-0.27;-0.61;7.71;0.00;0;0;0;0;15;100152.47;28.77;4177;0;
RM;7592;-0.32;-0.59;7.74;0.00;0;0;0;0;15;100153.10;28.76;4177;0;
RM;7616;-0.79;-0.60;7.74;0.00;0;0;0;0;21;100158.63;28.76;4209;0;
RM;7636;-0.21;-0.57;7.74;0.00;0;0;0;0;15;100151.71;28.76;4209;0;
RM;7656;-0.79;-0.59;7.74;0.00;0;0;0;0;15;100158.63;28.76;4241;0;
RM;7676;-0.50;-0.58;7.74;0.00;0;0;0;0;15;100155.24;28.77;4241;0;
RM;7705;-0.91;-0.61;7.86;0.00;0;0;0;0;27;100160.13;28.77;4273;0;
RM;7742;-0.73;-0.62;7.72;0.00;0;0;0;0;34;100158.01;28.77;4305;0;
RM;7762;-0.45;-0.61;7.74;0.00;0;0;0;0;15;100154.59;28.77;4305;0;
RM;7785;-0.45;-0.59;7.72;0.00;0;0;0;0;21;100154.59;28.77;4337;0;
RM;7810;-0.67;-0.60;7.72;0.00;0;0;0;0;22;100157.24;28.76;4337;0;
RM;7830;-0.80;-0.62;7.74;0.00;0;0;0;0;15;100158.73;28.77;4369;0;
RM;7851;-0.57;-0.61;7.86;0.00;0;0;0;0;15;100155.98;28.77;4369;0;
RM;7871;-0.68;-0.62;7.74;0.00;0;0;0;0;15;100157.36;28.77;4401;0;
RM;7891;-0.39;-0.60;7.71;0.00;0;0;0;0;15;100153.86;28.77;4401;0;
RM;7911;-0.27;-0.57;7.74;0.00;0;0;0;0;15;100152.47;28.77;4433;0;
RM;7931;-1.06;-0.61;7.74;0.00;0;0;0;0;15;100161.79;28.79;4433;0;
RM;7951;-0.98;-0.65;7.72;0.00;0;0;0;0;16;100160.89;28.78;4465;0;
RM;7974;-0.45;-0.63;7.84;0.00;0;0;0;0;21;100154.59;28.77;4465;0;
RM;7994;-0.63;-0.63;7.87;0.00;0;0;0;0;15;100156.74;28.78;4497;0;
RM;8014;-0.28;-0.60;7.74;0.00;0;0;0;0;15;100152.59;28.78;4497;0;
RM;8034;-0.63;-0.60;7.74;0.00;0;0;0;0;16;100156.74;28.78;4529;0;
RM;8054;-0.81;-0.62;7.74;0.00;0;0;0;0;15;100158.88;28.78;4529;0;
RM;8074;-0.34;-0.59;7.74;0.00;0;0;0;0;16;100153.36;28.78;4561;0;
RM;8094;-0.63;-0.60;7.74;0.00;0;0;0;0;15;100156.74;28.78;4561;0;
RM;8114;-0.63;-0.60;7.72;0.00;0;0;0;0;16;100156.74;28.78;4593;0;
RM;8137;-0.57;-0.60;7.86;0.00;0;0;0;0;21;100155.98;28.77;4593;0;
RM;8157;-0.76;-0.61;7.83;0.00;0;0;0;0;15;100158.27;28.79;4625;0;
RM;8177;-0.34;-0.59;7.74;0.00;0;0;0;0;15;100153.36;28.78;4625;0;
RM;8197;-0.06;-0.55;7.72;0.00;0;0;0;0;16;100149.98;28.79;4657;0;
RM;8219;-0.64;-0.56;7.71;0.00;0;0;0;0;20;100156.88;28.79;4657;0;
RM;8239;-0.34;-0.54;7.72;0.00;0;0;0;0;16;100153.36;28.78;4689;0;
RM;8259;-0.54;-0.54;7.74;0.00;0;0;0;0;15;100155.63;28.80;4689;0;
RM;8295;-0.34;-0.52;7.71;0.00;0;0;0;0;34;100153.36;28.78;4721;0;
RM;8315;-0.47;-0.52;7.72;0.00;0;0;0;0;13;100154.88;28.79;4721;0;
RM;8344;-0.46;-0.51;7.71;0.00;0;0;0;0;27;100154.73;28.78;4753;0;
RM;8364;-0.59;-0.52;7.72;0.00;0;0;0;0;16;100156.27;28.79;4753;0;
RM;8384;-0.35;-0.51;7.74;0.00;0;0;0;0;15;100153.50;28.79;4785;0;
RM;8404;-0.66;-0.52;7.72;0.00;0;0;0;0;15;100157.02;28.80;4785;0;
RM;8424;-0.71;-0.53;7.72;0.00;0;0;0;0;15;100157.65;28.79;4817;0;
RM;8444;-0.01;-0.49;7.72;0.00;0;0;0;0;15;100149.35;28.79;4817;0;
RM;8468;-0.13;-0.46;7.72;0.00;0;0;0;0;22;100150.84;28.80;4849;0;
RM;8492;-0.59;-0.48;7.71;0.00;0;0;0;0;21;100156.27;28.79;4849;0;
RM;8512;-0.54;-0.48;7.72;0.00;0;0;0;0;15;100155.63;28.80;4881;0;
RM;8532;-0.60;-0.49;7.72;0.00;0;0;0;0;15;100156.38;28.80;4881;0;
RM;8552;-0.31;-0.48;7.72;0.00;0;0;0;0;15;100152.88;28.80;4913;0;
RM;8572;-0.25;-0.46;7.86;0.00;0;0;0;0;15;100152.23;28.80;4913;0;
RM;8592;-0.35;-0.45;7.83;0.00;0;0;0;0;16;100153.50;28.79;4945;0;
RM;8612;-0.48;-0.45;7.74;0.00;0;0;0;0;15;100154.99;28.80;4945;0;
RM;8636;-0.36;-0.44;7.72;0.00;0;0;0;0;22;100153.61;28.80;4977;0;
RM;8656;-0.43;-0.44;7.72;0.00;0;0;0;0;15;100154.38;28.81;4977;0;
RM;8676;-0.06;-0.42;7.69;0.00;0;0;0;0;16;100149.98;28.79;5009;0;
RM;8696;-0.35;-0.41;7.69;0.00;0;0;0;0;15;100153.50;28.79;5009;0;
RM;8716;-0.35;-0.41;7.84;0.00;0;0;0;0;16;100153.50;28.79;5041;0;
RM;8736;-0.18;-0.39;7.67;0.00;0;0;0;0;15;100151.48;28.80;5041;0;
RM;8756;-0.66;-0.41;7.68;0.00;0;0;0;0;16;100157.02;28.80;5073;0;
RM;8776;-0.60;-0.43;7.74;0.00;0;0;0;0;15;100156.38;28.80;5073;0;
RM;8800;-0.83;-0.46;7.71;0.00;0;0;0;0;22;100159.14;28.80;5105;0;
RM;8820;-0.43;-0.45;7.72;0.00;0;0;0;0;15;100154.38;28.81;5105;0;
RM;8840;-0.73;-0.48;7.72;0.00;0;0;0;0;16;100157.93;28.81;5137;0;
RM;8876;-0.31;-0.46;7.71;0.00;0;0;0;0;34;100153.00;28.81;5169;0;
RM;8896;-0.71;-0.48;7.72;0.00;0;0;0;0;15;100157.76;28.80;5169;0;
RM;8916;-0.61;-0.49;7.86;0.00;0;0;0;0;15;100156.55;28.81;5201;0;
RM;8936;0.04;-0.45;7.74;0.00;0;0;0;0;15;100148.85;28.81;5201;0;
RM;8965;-0.39;-0.44;7.71;0.00;0;0;0;0;27;100153.93;28.82;5233;0;
RM;8994;-0.39;-0.44;7.71;0.00;0;0;0;0;26;100153.93;28.82;5233;0;
RM;9014;-0.20;-0.42;7.72;0.00;0;0;0;0;16;100151.61;28.81;5265;0;
RM;9034;-0.61;-0.44;7.71;0.00;0;0;0;0;15;100156.55;28.81;5265;0;
RM;9054;-0.61;-0.45;7.72;0.00;0;0;0;0;16;100156.55;28.81;5297;0;
RM;9074;-0.38;-0.45;7.72;0.00;0;0;0;0;15;100153.78;28.81;5297;0;
RM;9094;-0.87;-0.48;7.72;0.00;0;0;0;0;16;100159.57;28.83;5329;0;
RM;9114;-0.50;-0.48;7.81;0.00;0;0;0;0;15;100155.17;28.81;5329;0;
RM;9134;-0.38;-0.47;7.86;0.00;0;0;0;0;16;100153.78;28.81;5361;0;
RM;9157;-0.62;-0.48;7.71;0.00;0;0;0;0;21;100156.70;28.82;5361;0;
RM;9177;-0.87;-0.51;7.72;0.00;0;0;0;0;15;100159.57;28.83;5393;0;
RM;9200;-0.75;-0.53;7.68;0.00;0;0;0;0;20;100158.08;28.82;5393;0;
RM;9220;-0.62;-0.54;7.67;0.00;0;0;0;0;16;100156.70;28.82;5425;0;
RM;9240;-0.92;-0.57;7.72;0.00;0;0;0;0;15;100160.23;28.83;5425;0;
RM;9260;-0.98;-0.61;7.83;0.00;0;0;0;0;15;100160.84;28.82;5457;0;
RM;9280;-0.63;-0.61;7.72;0.00;0;0;0;0;15;100156.81;28.83;5457;0;
RM;9300;-0.58;-0.61;7.72;0.00;0;0;0;0;15;100156.08;28.83;5489;0;
RM;9335;-0.40;-0.59;7.67;0.00;0;0;0;0;31;100154.05;28.83;5521;0;
RM;9355;-0.87;-0.62;7.65;0.00;0;0;0;0;16;100159.57;28.83;5521;0;
RM;9375;-0.70;-0.62;7.72;0.00;0;0;0;0;15;100157.58;28.84;5553;0;
RM;9395;-0.53;-0.62;7.72;0.00;0;0;0;0;16;100155.57;28.84;5553;0;
RM;9415;-0.87;-0.64;7.72;0.00;0;0;0;0;15;100159.57;28.83;5585;0;
RM;9458;-0.58;-0.63;7.84;0.00;0;0;0;0;41;100156.19;28.84;5617;0;
RM;9478;-0.94;-0.66;7.81;0.00;0;0;0;0;16;100160.34;28.84;5617;0;
RM;9498;-0.98;-0.68;7.72;0.00;0;0;0;0;15;100160.95;28.83;5649;0;
RM;9520;-0.76;-0.69;7.71;0.00;0;0;0;0;20;100158.33;28.84;5649;0;
RM;9540;-0.46;-0.67;7.72;0.00;0;0;0;0;15;100154.70;28.83;5681;0;
RM;9560;-0.70;-0.67;7.71;0.00;0;0;0;0;16;100157.58;28.84;5681;0;
RM;9580;-0.76;-0.68;7.72;0.00;0;0;0;0;15;100158.33;28.84;5713;0;
RM;9609;-0.47;-0.66;7.69;0.00;0;0;0;0;27;100154.81;28.84;5745;0;
RM;9629;-0.63;-0.66;7.71;0.00;0;0;0;0;15;100156.81;28.83;5745;0;
RM;9649;-1.18;-0.70;7.71;0.00;0;0;0;0;16;100163.25;28.85;5777;0;
RM;9669;-0.81;-0.71;7.71;0.00;0;0;0;0;15;100158.96;28.84;5777;0;
RM;9693;-0.88;-0.72;7.83;0.00;0;0;0;0;22;100159.72;28.84;5809;0;
RM;9713;-0.70;-0.72;7.72;0.00;0;0;0;0;15;100157.58;28.84;5809;0;
RM;9733;-0.88;-0.73;7.71;0.00;0;0;0;0;16;100159.72;28.84;5841;0;
RM;9753;-0.47;-0.71;7.69;0.00;0;0;0;0;15;100154.81;28.84;5841;0;
RM;9776;-0.54;-0.70;7.69;0.00;0;0;0;0;21;100155.72;28.85;5873;0;
RM;9796;-0.89;-0.72;7.71;0.00;0;0;0;0;15;100159.88;28.85;5873;0;
RM;9816;-0.99;-0.74;7.71;0.00;0;0;0;0;16;100161.09;28.84;5905;0;
RM;9839;-0.60;-0.73;7.83;0.00;0;0;0;0;21;100156.34;28.85;5905;0;
RM;9859;-0.42;-0.70;7.72;0.00;0;0;0;0;15;100154.19;28.84;5937;0;
RM;9879;-0.83;-0.71;7.72;0.00;0;0;0;0;15;100159.10;28.85;5937;0;
RM;9899;-1.01;-0.74;7.71;0.00;0;0;0;0;15;100161.25;28.85;5969;0;
RM;9919;-1.07;-0.77;7.72;0.00;0;0;0;0;15;100162.02;28.86;5969;0;
RM;9942;-0.48;-0.74;7.69;0.00;0;0;0;0;21;100154.95;28.85;6001;0;
RM;9962;-0.66;-0.73;7.71;0.00;0;0;0;0;15;100157.10;28.85;6001;0;
RM;9982;-0.89;-0.75;7.84;0.00;0;0;0;0;15;100159.88;28.85;6033;0;
RM;10024;-0.71;-0.74;7.69;0.00;0;0;0;0;39;100157.72;28.85;6066;0;
RM;10044;-0.66;-0.74;7.71;0.00;0;0;0;0;15;100157.10;28.85;6066;0;
RM;10064;-0.72;-0.74;7.71;0.00;0;0;0;0;15;100157.87;28.86;6099;0;
RM;10084;-0.26;-0.70;7.71;0.00;0;0;0;0;16;100152.34;28.86;6099;0;
RM;10104;-0.49;-0.68;7.71;0.00;0;0;0;0;15;100155.09;28.86;6132;0;
RM;10124;-0.78;-0.69;7.71;0.00;0;0;0;0;16;100158.49;28.85;6132;0;
RM;10144;-0.25;-0.65;7.71;0.00;0;0;0;0;15;100152.20;28.85;6165;0;
RM;10164;-0.49;-0.64;7.84;0.00;0;0;0;0;16;100155.09;28.86;6165;0;
RM;10187;-0.55;-0.63;7.69;0.00;0;0;0;0;21;100155.83;28.86;6198;0;
RM;10207;-0.67;-0.63;7.71;0.00;0;0;0;0;16;100157.20;28.86;6198;0;
RM;10235;-0.72;-0.64;7.83;0.00;0;0;0;0;26;100157.87;28.86;6231;0;
RM;10255;-0.61;-0.64;7.84;0.00;0;0;0;0;16;100156.48;28.86;6231;0;
RM;10275;-0.26;-0.61;7.69;0.00;0;0;0;0;15;100152.34;28.86;6264;0;
RM;10295;-0.43;-0.60;7.69;0.00;0;0;0;0;16;100154.34;28.85;6264;0;
RM;10315;-0.79;-0.61;7.71;0.00;0;0;0;0;15;100158.59;28.86;6297;0;
RM;10335;-0.32;-0.59;7.71;0.00;0;0;0;0;16;100153.06;28.86;6297;0;
RM;10358;-0.32;-0.57;7.68;0.00;0;0;0;0;21;100153.06;28.86;6330;0;
RM;10378;-0.67;-0.57;7.68;0.00;0;0;0;0;16;100157.20;28.86;6330;0;
RM;10398;-0.67;-0.58;7.81;0.00;0;0;0;0;15;100157.20;28.86;6363;0;
RM;10418;-0.22;-0.55;7.68;0.00;0;0;0;0;16;100151.82;28.87;6363;0;
RM;10438;-0.32;-0.53;7.71;0.00;0;0;0;0;15;100153.06;28.86;6396;0;
RM;10458;-0.68;-0.55;7.68;0.00;0;0;0;0;16;100157.35;28.87;6396;0;
RM;10478;-0.20;-0.51;7.71;0.00;0;0;0;0;15;100151.67;28.86;6429;0;
RM;10498;-0.68;-0.53;7.71;0.00;0;0;0;0;16;100157.35;28.87;6429;0;
RM;10521;-0.32;-0.51;7.69;0.00;0;0;0;0;21;100153.06;28.86;6462;0;
RM;10545;-0.57;-0.52;7.69;0.00;0;0;0;0;21;100155.96;28.87;6462;0;
RM;10582;-0.45;-0.51;7.80;0.00;0;0;0;0;32;100154.59;28.87;6495;0;
RM;10602;-0.45;-0.51;7.81;0.00;0;0;0;0;14;100154.59;28.87;6495;0;
RM;10622;-0.75;-0.52;7.71;0.00;0;0;0;0;15;100158.13;28.88;6528;0;
RM;10646;-0.57;-0.53;7.69;0.00;0;0;0;0;20;100155.96;28.87;6528;0;
RM;10667;-0.75;-0.54;7.68;0.00;0;0;0;0;15;100158.13;28.88;6561;0;
RM;10690;-0.92;-0.57;7.67;0.00;0;0;0;0;21;100160.27;28.88;6561;0;
RM;10710;-0.45;-0.56;7.83;0.00;0;0;0;0;14;100154.59;28.87;6594;0;
RM;10730;-0.57;-0.56;7.71;0.00;0;0;0;0;15;100155.96;28.87;6594;0;
RM;10750;-0.75;-0.58;7.71;0.00;0;0;0;0;15;100158.13;28.88;6627;0;
RM;10770;-0.68;-0.58;7.71;0.00;0;0;0;0;15;100157.35;28.87;6627;0;
RM;10790;-0.46;-0.58;7.71;0.00;0;0;0;0;15;100154.73;28.88;6660;0;
RM;10810;-0.81;-0.59;7.71;0.00;0;0;0;0;16;100158.89;28.88;6660;0;
RM;10830;-0.99;-0.62;7.69;0.00;0;0;0;0;15;100161.05;28.89;6693;0;
RM;10865;-0.57;-0.62;7.68;0.00;0;0;0;0;33;100155.96;28.87;6726;0;
RM;10885;-1.11;-0.66;7.67;0.00;0;0;0;0;16;100162.43;28.89;6726;0;
RM;10905;-0.50;-0.64;7.71;0.00;0;0;0;0;15;100155.21;28.87;6759;0;
RM;10925;-0.28;-0.61;7.69;0.00;0;0;0;0;16;100152.59;28.88;6759;0;
RM;10945;-0.69;-0.62;7.81;0.00;0;0;0;0;15;100157.51;28.88;6792;0;
RM;10966;-0.81;-0.64;7.71;0.00;0;0;0;0;15;100158.89;28.88;6792;0;
RM;10986;-0.63;-0.64;7.71;0.00;0;0;0;0;15;100156.74;28.88;6825;0;
RM;11006;-0.81;-0.65;7.71;0.00;0;0;0;0;15;100158.89;28.88;6825;0;
RM;11030;-0.58;-0.64;7.69;0.00;0;0;0;0;21;100156.12;28.88;6858;0;
RM;11051;-0.45;-0.63;7.69;0.00;0;0;0;0;15;100154.59;28.87;6858;0;
RM;11071;-0.46;-0.61;7.83;0.00;0;0;0;0;15;100154.73;28.88;6891;0;
RM;11091;-1.11;-0.65;7.71;0.00;0;0;0;0;15;100162.43;28.89;6891;0;
RM;11111;-0.99;-0.68;7.69;0.00;0;0;0;0;15;100161.05;28.89;6924;0;
RM;11147;-0.76;-0.69;7.68;0.00;0;0;0;0;34;100158.28;28.89;6957;0;
RM;11167;-0.92;-0.71;7.69;0.00;0;0;0;0;15;100160.27;28.88;6957;0;
RM;11187;-0.59;-0.70;7.69;0.00;0;0;0;0;16;100156.27;28.89;6990;0;
RM;11210;-0.82;-0.71;7.64;0.00;0;0;0;0;21;100159.03;28.89;6990;0;
RM;11230;-0.58;-0.70;7.65;0.00;0;0;0;0;15;100156.12;28.88;7023;0;
RM;11250;-0.72;-0.70;7.69;0.00;0;0;0;0;15;100157.78;28.90;7023;0;
RM;11270;-0.29;-0.67;7.80;0.00;0;0;0;0;16;100152.75;28.89;7056;0;
RM;11290;-0.11;-0.62;7.71;0.00;0;0;0;0;15;100150.59;28.88;7056;0;
RM;11310;-0.82;-0.64;7.69;0.00;0;0;0;0;16;100159.03;28.89;7089;0;
RM;11332;-0.24;-0.60;7.68;0.00;0;0;0;0;20;100152.12;28.89;7089;0;
RM;11362;-0.99;-0.64;7.78;0.00;0;0;0;0;27;100161.05;28.89;7122;0;
RM;11382;-0.37;-0.61;7.78;0.00;0;0;0;0;15;100153.63;28.90;7122;0;
RM;11402;-0.77;-0.63;7.83;0.00;0;0;0;0;16;100158.41;28.90;7155;0;
RM;11422;-1.07;-0.68;7.68;0.00;0;0;0;0;15;100161.93;28.90;7155;0;
RM;11442;-1.00;-0.72;7.67;0.00;0;0;0;0;16;100161.17;28.90;7188;0;
RM;11462;-1.07;-0.76;7.68;0.00;0;0;0;0;15;100161.93;28.90;7188;0;
RM;11491;-0.89;-0.77;7.81;0.00;0;0;0;0;27;100159.79;28.90;7221;0;
RM;11511;-0.66;-0.76;7.69;0.00;0;0;0;0;15;100157.02;28.90;7221;0;
RM;11535;-0.54;-0.74;7.68;0.00;0;0;0;0;22;100155.64;28.90;7254;0;
RM;11555;-0.42;-0.70;7.69;0.00;0;0;0;0;15;100154.26;28.90;7254;0;
RM;11575;-1.07;-0.74;7.67;0.00;0;0;0;0;16;100161.93;28.90;7287;0;
RM;11595;-0.90;-0.76;7.67;0.00;0;0;0;0;15;100159.93;28.91;7287;0;
RM;11615;-0.77;-0.76;7.78;0.00;0;0;0;0;16;100158.41;28.90;7320;0;
RM;11635;-0.78;-0.76;7.80;0.00;0;0;0;0;15;100158.55;28.91;7320;0;
RM;11655;-0.38;-0.73;7.67;0.00;0;0;0;0;16;100153.77;28.91;7353;0;
RM;11675;-0.78;-0.73;7.69;0.00;0;0;0;0;15;100158.55;28.91;7353;0;
RM;11717;-0.85;-0.74;7.80;0.00;0;0;0;0;40;100159.30;28.91;7386;0;
RM;11737;-0.97;-0.76;7.80;0.00;0;0;0;0;16;100160.81;28.92;7386;0;
RM;11757;-0.72;-0.76;7.83;0.00;0;0;0;0;15;100157.78;28.90;7419;0;
RM;11777;-0.61;-0.75;7.69;0.00;0;0;0;0;15;100156.55;28.91;7419;0;
RM;11797;-0.85;-0.76;7.69;0.00;0;0;0;0;15;100159.30;28.91;7452;0;
RM;11817;-0.60;-0.74;7.69;0.00;0;0;0;0;15;100156.41;28.90;7452;0;
RM;11837;-0.68;-0.74;7.69;0.00;0;0;0;0;15;100157.30;28.92;7485;0;
RM;11857;-0.60;-0.73;7.69;0.00;0;0;0;0;15;100156.41;28.90;7485;0;
RM;11881;-1.07;-0.75;7.78;0.00;0;0;0;0;22;100161.93;28.90;7518;0;
RM;11901;-0.85;-0.76;7.83;0.00;0;0;0;0;15;100159.30;28.91;7518;0;
RM;11921;-1.31;-0.80;7.69;0.00;0;0;0;0;15;100164.84;28.91;7551;0;
RM;11941;-0.77;-0.80;7.69;0.00;0;0;0;0;15;100158.41;28.90;7551;0;
RM;11961;-1.19;-0.83;7.69;0.00;0;0;0;0;16;100163.45;28.91;7584;0;
RM;11981;-1.37;-0.88;7.69;0.00;0;0;0;0;15;100165.60;28.92;7584;0;
RM;12001;-0.97;-0.89;7.69;0.00;0;0;0;0;16;100160.81;28.92;7617;0;
RM;12023;-0.73;-0.88;7.68;0.00;0;0;0;0;20;100157.92;28.91;7617;0;
RM;12047;-0.86;-0.87;7.68;0.00;0;0;0;0;21;100159.41;28.92;7650;0;
RM;12067;-0.61;-0.85;7.69;0.00;0;0;0;0;15;100156.55;28.91;7650;0;
RM;12087;-0.27;-0.80;7.69;0.00;0;0;0;0;16;100152.51;28.92;7683;0;
RM;12121;1.49;-0.56;7.68;0.00;0;0;0;0;32;100131.65;28.91;7715;0;
RM;12141;2.35;-0.03;7.68;0.00;0;0;0;0;15;100121.35;28.92;7715;0;
RM;12161;2.77;0.84;7.64;0.00;0;0;0;0;15;100116.45;28.91;7747;0;
RM;12181;2.94;1.74;7.69;0.00;0;0;0;0;15;100114.44;28.92;7747;0;
RM;12203;2.06;1.89;7.68;0.00;0;0;0;0;20;100124.85;28.92;7779;0;
RM;12223;1.84;1.87;7.67;0.00;0;0;0;0;15;100127.50;28.91;7779;0;
RM;12243;2.24;1.97;7.81;0.00;0;0;0;0;15;100122.73;28.92;7811;0;
RM;12279;2.88;2.19;7.75;0.00;0;0;0;0;33;100115.16;28.92;7843;0;
RM;12299;3.46;2.51;7.75;0.00;0;0;0;0;16;100108.26;28.92;7843;0;
RM;12319;3.29;2.74;7.69;0.00;0;0;0;0;15;100110.29;28.92;7875;0;
RM;12339;2.88;2.78;7.68;0.00;0;0;0;0;16;100115.16;28.92;7875;0;
RM;12359;3.17;2.87;7.65;0.00;0;0;0;0;15;100111.67;28.92;7907;0;
RM;12383;2.89;2.88;7.67;0.00;0;0;0;0;22;100115.05;28.91;7907;0;
RM;12403;2.53;2.81;7.68;0.00;0;0;0;0;15;100119.32;28.92;7939;0;
RM;12423;2.88;2.82;7.68;0.00;0;0;0;0;16;100115.16;28.92;7939;0;
RM;12443;3.58;2.94;7.81;0.00;0;0;0;0;15;100106.77;28.91;7971;0;
RM;12463;3.69;3.07;7.69;0.00;0;0;0;0;16;100105.48;28.92;7971;0;
RM;12483;4.05;3.26;7.69;0.00;0;0;0;0;15;100101.23;28.91;8003;0;
RM;12503;3.93;3.41;7.69;0.00;0;0;0;0;15;100102.62;28.91;8003;0;
RM;12523;3.52;3.44;7.65;0.00;0;0;0;0;15;100107.52;28.92;8035;0;
RM;12547;3.70;3.49;7.67;0.00;0;0;0;0;22;100105.38;28.91;8035;0;
RM;12567;3.70;3.53;7.67;0.00;0;0;0;0;15;100105.38;28.91;8067;0;
RM;12587;3.77;3.57;7.68;0.00;0;0;0;0;15;100104.63;28.91;8067;0;
RM;12607;3.70;3.59;7.68;0.00;0;0;0;0;15;100105.38;28.91;8099;0;
RM;12627;3.83;3.62;7.67;0.00;0;0;0;0;15;100103.86;28.90;8099;0;
RM;12647;3.82;3.65;7.67;0.00;0;0;0;0;15;100104.00;28.91;8131;0;
RM;12667;3.70;3.66;7.67;0.00;0;0;0;0;15;100105.38;28.91;8131;0;
RM;12687;3.29;3.61;7.68;0.00;0;0;0;0;16;100110.29;28.92;8163;0;
RM;12710;4.00;3.66;7.67;0.00;0;0;0;0;21;100101.86;28.91;8163;0;
RM;12740;4.40;3.76;7.62;0.00;0;0;0;0;27;100097.09;28.91;8195;0;
RM;12760;4.45;3.86;7.67;0.00;0;0;0;0;16;100096.45;28.92;8195;0;
RM;12783;4.28;3.93;7.67;0.00;0;0;0;0;21;100098.58;28.92;8227;0;
RM;12803;3.99;3.94;7.67;0.00;0;0;0;0;16;100101.99;28.92;8227;0;
RM;12838;3.93;3.94;7.64;0.00;0;0;0;0;33;100102.62;28.91;8259;0;
RM;12858;4.04;3.95;7.78;0.00;0;0;0;0;16;100101.34;28.92;8259;0;
RM;12880;3.99;3.96;7.68;0.00;0;0;0;0;20;100101.99;28.92;8291;0;
RM;12905;4.57;4.02;7.67;0.00;0;0;0;0;22;100095.08;28.92;8291;0;
RM;12925;4.10;4.03;7.65;0.00;0;0;0;0;14;100100.60;28.92;8323;0;
RM;12945;4.22;4.05;7.68;0.00;0;0;0;0;15;100099.23;28.92;8323;0;
RM;12965;3.70;4.01;7.69;0.00;0;0;0;0;15;100105.38;28.91;8355;0;
RM;12985;4.17;4.03;7.69;0.00;0;0;0;0;16;100099.85;28.91;8355;0;
RM;13005;3.99;4.03;7.71;0.00;0;0;0;0;15;100101.99;28.92;8387;0;
RM;13025;3.81;4.01;7.69;0.00;0;0;0;0;16;100104.11;28.92;8387;0;
RM;13045;3.99;4.00;7.67;0.00;0;0;0;0;15;100101.99;28.92;8419;0;
RM;13080;4.05;4.01;7.68;0.00;0;0;0;0;33;100101.23;28.91;8451;0;
RM;13100;3.92;4.00;7.68;0.00;0;0;0;0;16;100102.73;28.92;8451;0;
RM;13120;3.99;4.00;7.68;0.00;0;0;0;0;15;100101.99;28.92;8483;0;
RM;13140;3.81;3.98;7.68;0.00;0;0;0;0;15;100104.11;28.92;8483;0;
RM;13160;3.99;3.98;7.68;0.00;0;0;0;0;15;100101.99;28.92;8515;0;
RM;13180;4.52;4.02;7.65;0.00;0;0;0;0;15;100095.70;28.91;8515;0;
RM;13200;4.39;4.05;7.65;0.00;0;0;0;0;16;100097.20;28.92;8547;0;
RM;13220;4.09;4.06;7.78;0.00;0;0;0;0;15;100100.73;28.93;8547;0;
RM;13244;3.92;4.05;7.68;0.00;0;0;0;0;22;100102.73;28.92;8579;0;
RM;13264;4.28;4.07;7.68;0.00;0;0;0;0;15;100098.58;28.92;8579;0;
RM;13284;3.87;4.05;7.68;0.00;0;0;0;0;16;100103.37;28.92;8611;0;
RM;13304;3.57;4.01;7.68;0.00;0;0;0;0;15;100106.88;28.92;8611;0;
RM;13333;3.69;3.98;7.67;0.00;0;0;0;0;27;100105.48;28.92;8643;0;
RM;13353;3.74;3.96;7.68;0.00;0;0;0;0;15;100104.88;28.93;8643;0;
RM;13373;3.64;3.92;7.68;0.00;0;0;0;0;15;100106.14;28.92;8675;0;
RM;13409;3.34;3.86;7.67;0.00;0;0;0;0;34;100109.64;28.92;8707;0;
RM;13433;4.16;3.90;7.67;0.00;0;0;0;0;21;100099.96;28.92;8707;0;
RM;13453;3.93;3.90;7.65;0.00;0;0;0;0;15;100102.62;28.91;8739;0;
RM;13473;3.74;3.89;7.81;0.00;0;0;0;0;15;100104.88;28.93;8739;0;
RM;13497;3.34;3.83;7.67;0.00;0;0;0;0;21;100109.64;28.92;8771;0;
RM;13517;2.99;3.73;7.68;0.00;0;0;0;0;14;100113.79;28.92;8771;0;
RM;13537;2.81;3.60;7.68;0.00;0;0;0;0;16;100115.95;28.93;8803;0;
RM;13557;2.70;3.44;7.68;0.00;0;0;0;0;15;100117.32;28.93;8803;2;
RM;13577;2.64;3.28;7.67;0.00;0;0;0;0;16;100117.94;28.92;8835;2;
RM;13600;2.88;3.19;7.80;0.00;0;0;0;0;21;100115.16;28.92;8835;2;
RM;13624;3.04;3.16;7.65;0.00;0;0;0;0;21;100113.17;28.93;8867;2;
RM;13644;2.41;3.03;7.65;0.00;0;0;0;0;15;100120.70;28.92;8867;2;
RM;13664;1.94;2.81;7.61;0.00;0;0;0;0;16;100126.23;28.92;8899;2;
RM;13684;1.88;2.59;7.62;0.00;0;0;0;0;15;100127.00;28.93;8899;2;
RM;13704;2.08;2.46;7.42;0.00;0;0;0;0;16;100124.60;28.90;8931;2;
RM;13724;1.22;2.15;7.23;0.00;0;0;0;0;15;100134.90;28.90;8931;2;
RM;13744;1.65;2.01;6.93;0.00;0;0;0;0;16;100129.70;28.87;8963;2;
RM;13767;0.11;1.52;7.34;0.00;0;0;0;0;21;100147.98;28.89;8963;2;
RM;13787;0.11;1.04;7.50;0.00;0;0;0;0;16;100147.98;28.89;8995;2;
RM;13807;1.68;1.27;7.59;0.00;0;0;0;0;15;100129.38;28.90;8995;2;
RM;13827;0.91;1.15;7.58;0.00;0;0;0;0;16;100138.56;28.91;9027;2;
RM;13847;1.45;1.24;7.56;0.00;0;0;0;0;15;100132.14;28.90;9027;2;
RM;13867;1.78;1.37;7.52;0.00;0;0;0;0;15;100128.13;28.91;9059;2;
RM;13887;1.43;1.38;7.45;0.00;0;0;0;0;15;100132.28;28.91;9059;2;
RM;13907;1.14;1.34;7.75;0.00;0;0;0;0;15;100135.80;28.91;9091;2;
RM;13931;2.20;1.49;7.52;0.00;0;0;0;0;21;100123.21;28.90;9091;2;
RM;13979;1.48;1.49;7.71;0.00;0;0;0;0;44;100131.77;28.92;9123;2;
RM;13999;1.12;1.42;7.71;0.00;0;0;0;0;15;100136.07;28.93;9123;2;
RM;14019;-0.04;1.18;7.50;0.00;0;0;0;0;15;100149.74;28.92;9155;2;
RM;14039;-0.68;0.76;7.49;0.00;0;0;0;0;15;100157.30;28.92;9155;2;
RM;14059;-1.26;0.15;7.43;0.00;0;0;0;0;15;100164.22;28.92;9188;2;
RM;14080;-3.30;-1.16;7.52;0.00;0;0;0;0;15;100188.46;28.92;9188;2;
RM;14100;-2.83;-2.01;7.47;0.00;0;0;0;0;15;100182.82;28.91;9221;2;
RM;14125;-1.31;-1.67;7.47;0.00;0;0;0;0;23;100164.84;28.91;9221;2;
RM;14145;0.38;-0.86;7.77;0.00;0;0;0;0;15;100144.85;28.92;9254;2;
RM;14166;-0.33;-0.63;7.67;0.00;0;0;0;0;15;100153.16;28.92;9254;2;
RM;14186;-0.26;-0.50;7.61;0.00;0;0;0;0;15;100152.40;28.91;9287;2;
RM;14217;-1.14;-0.69;7.77;0.00;0;0;0;0;29;100162.83;28.92;9320;2;
